# BEGIN PLOT
Legend=1
LogY=1
Title=Z azimuthal angle
XLabel=$\phi_{\mathrm{Z}}$
YLabel=$\mathrm{d}\sigma/\mathrm{d}\phi_{\mathrm{Z}}$ [pb]
DrawOnly=//eos/home-c/choij/cms-mg4gpu-integration/genValidation/DY01234j_UPSTREAM/merged.yoda.gz/MC_ZINC:ENERGY=13600/Z_phi //eos/home-c/choij/cms-mg4gpu-integration/genValidation/DY01234j_CPP512Z/merged.yoda.gz/MC_ZINC:ENERGY=13600/Z_phi //eos/home-c/choij/cms-mg4gpu-integration/genValidation/DY01234j_CUDA/merged.yoda.gz/MC_ZINC:ENERGY=13600/Z_phi
LegendOnly=//eos/home-c/choij/cms-mg4gpu-integration/genValidation/DY01234j_UPSTREAM/merged.yoda.gz/MC_ZINC:ENERGY=13600/Z_phi //eos/home-c/choij/cms-mg4gpu-integration/genValidation/DY01234j_CPP512Z/merged.yoda.gz/MC_ZINC:ENERGY=13600/Z_phi //eos/home-c/choij/cms-mg4gpu-integration/genValidation/DY01234j_CUDA/merged.yoda.gz/MC_ZINC:ENERGY=13600/Z_phi
RatioPlot=1
RatioPlotReference=//eos/home-c/choij/cms-mg4gpu-integration/genValidation/DY01234j_UPSTREAM/merged.yoda.gz/MC_ZINC:ENERGY=13600/Z_phi
RatioPlotYLabel=Ratio
# END PLOT

# BEGIN HISTO1D //eos/home-c/choij/cms-mg4gpu-integration/genValidation/DY01234j_UPSTREAM/merged.yoda.gz/MC_ZINC:ENERGY=13600/Z_phi
ErrorBars=1
LineColor=red
LineStyle=solid
Path=//eos/home-c/choij/cms-mg4gpu-integration/genValidation/DY01234j_UPSTREAM/merged.yoda.gz/MC_ZINC:ENERGY=13600/Z_phi
ScaledBy=1.00001996714958461e-06
Title=MG362
# xlow	 xhigh	 val	 errminus	 errplus
0.000000e+00	2.513274e-01	1.611726e+02	2.903656e+00	2.903656e+00
2.513274e-01	5.026548e-01	1.621648e+02	2.912566e+00	2.912566e+00
5.026548e-01	7.539822e-01	1.594977e+02	2.888522e+00	2.888522e+00
7.539822e-01	1.005310e+00	1.583463e+02	2.878071e+00	2.878071e+00
1.005310e+00	1.256637e+00	1.595491e+02	2.888979e+00	2.888979e+00
1.256637e+00	1.507964e+00	1.628984e+02	2.919157e+00	2.919157e+00
1.507964e+00	1.759292e+00	1.616440e+02	2.907906e+00	2.907906e+00
1.759292e+00	2.010619e+00	1.621661e+02	2.912590e+00	2.912590e+00
2.010619e+00	2.261947e+00	1.603341e+02	2.896082e+00	2.896082e+00
2.261947e+00	2.513274e+00	1.625318e+02	2.915867e+00	2.915867e+00
2.513274e+00	2.764602e+00	1.614339e+02	2.906008e+00	2.906008e+00
2.764602e+00	3.015929e+00	1.601808e+02	2.894729e+00	2.894729e+00
3.015929e+00	3.267256e+00	1.597607e+02	2.890916e+00	2.890916e+00
3.267256e+00	3.518584e+00	1.667729e+02	2.953700e+00	2.953700e+00
3.518584e+00	3.769911e+00	1.601795e+02	2.894706e+00	2.894706e+00
3.769911e+00	4.021239e+00	1.604913e+02	2.897502e+00	2.897502e+00
4.021239e+00	4.272566e+00	1.627428e+02	2.917776e+00	2.917776e+00
4.272566e+00	4.523893e+00	1.613297e+02	2.905074e+00	2.905074e+00
4.523893e+00	4.775221e+00	1.562531e+02	2.858980e+00	2.858980e+00
4.775221e+00	5.026548e+00	1.614325e+02	2.905983e+00	2.905983e+00
5.026548e+00	5.277876e+00	1.619555e+02	2.910685e+00	2.910685e+00
5.277876e+00	5.529203e+00	1.654103e+02	2.941586e+00	2.941586e+00
5.529203e+00	5.780530e+00	1.571451e+02	2.867153e+00	2.867153e+00
5.780530e+00	6.031858e+00	1.565168e+02	2.861411e+00	2.861411e+00
6.031858e+00	6.283185e+00	1.602323e+02	2.895186e+00	2.895186e+00
# END HISTO1D


# BEGIN HISTO1D //eos/home-c/choij/cms-mg4gpu-integration/genValidation/DY01234j_CPP512Z/merged.yoda.gz/MC_ZINC:ENERGY=13600/Z_phi
ErrorBars=1
LineColor=blue
LineStyle=solid
Path=//eos/home-c/choij/cms-mg4gpu-integration/genValidation/DY01234j_CPP512Z/merged.yoda.gz/MC_ZINC:ENERGY=13600/Z_phi
ScaledBy=1.00000054421021920e-06
Title=CPP-AVX512
# xlow	 xhigh	 val	 errminus	 errplus
0.000000e+00	2.513274e-01	1.547281e+02	2.845402e+00	2.845402e+00
2.513274e-01	5.026548e-01	1.639382e+02	2.928868e+00	2.928868e+00
5.026548e-01	7.539822e-01	1.600138e+02	2.893602e+00	2.893602e+00
7.539822e-01	1.005310e+00	1.655602e+02	2.943321e+00	2.943321e+00
1.005310e+00	1.256637e+00	1.583393e+02	2.878420e+00	2.878420e+00
1.256637e+00	1.507964e+00	1.622637e+02	2.913873e+00	2.913873e+00
1.507964e+00	1.759292e+00	1.587573e+02	2.882212e+00	2.882212e+00
1.759292e+00	2.010619e+00	1.604847e+02	2.897856e+00	2.897856e+00
2.010619e+00	2.261947e+00	1.576057e+02	2.871736e+00	2.871736e+00
2.261947e+00	2.513274e+00	1.583396e+02	2.878426e+00	2.878426e+00
2.513274e+00	2.764602e+00	1.539431e+02	2.838174e+00	2.838174e+00
2.764602e+00	3.015929e+00	1.623680e+02	2.914805e+00	2.914805e+00
3.015929e+00	3.267256e+00	1.632578e+02	2.922784e+00	2.922784e+00
3.267256e+00	3.518584e+00	1.609558e+02	2.902108e+00	2.902108e+00
3.518584e+00	3.769911e+00	1.604846e+02	2.897854e+00	2.897854e+00
3.769911e+00	4.021239e+00	1.623682e+02	2.914809e+00	2.914809e+00
4.021239e+00	4.272566e+00	1.559321e+02	2.856455e+00	2.856455e+00
4.272566e+00	4.523893e+00	1.604845e+02	2.897853e+00	2.897853e+00
4.523893e+00	4.775221e+00	1.593329e+02	2.887432e+00	2.887432e+00
4.775221e+00	5.026548e+00	1.597520e+02	2.891232e+00	2.891232e+00
5.026548e+00	5.277876e+00	1.559322e+02	2.856458e+00	2.856458e+00
5.277876e+00	5.529203e+00	1.603804e+02	2.896917e+00	2.896917e+00
5.529203e+00	5.780530e+00	1.661363e+02	2.948443e+00	2.948443e+00
5.780530e+00	6.031858e+00	1.619496e+02	2.911048e+00	2.911048e+00
6.031858e+00	6.283185e+00	1.614785e+02	2.906811e+00	2.906811e+00
# END HISTO1D


# BEGIN HISTO1D //eos/home-c/choij/cms-mg4gpu-integration/genValidation/DY01234j_CUDA/merged.yoda.gz/MC_ZINC:ENERGY=13600/Z_phi
ErrorBars=1
LineColor=green
LineStyle=solid
Path=//eos/home-c/choij/cms-mg4gpu-integration/genValidation/DY01234j_CUDA/merged.yoda.gz/MC_ZINC:ENERGY=13600/Z_phi
ScaledBy=1.00004549403784461e-06
Title=CUDA
# xlow	 xhigh	 val	 errminus	 errplus
0.000000e+00	2.513274e-01	1.613518e+02	2.910669e+00	2.910669e+00
2.513274e-01	5.026548e-01	1.628221e+02	2.923899e+00	2.923899e+00
5.026548e-01	7.539822e-01	1.601444e+02	2.899758e+00	2.899758e+00
7.539822e-01	1.005310e+00	1.644497e+02	2.938475e+00	2.938475e+00
1.005310e+00	1.256637e+00	1.672853e+02	2.963705e+00	2.963705e+00
1.256637e+00	1.507964e+00	1.650276e+02	2.943638e+00	2.943638e+00
1.507964e+00	1.759292e+00	1.694375e+02	2.982702e+00	2.982702e+00
1.759292e+00	2.010619e+00	1.624023e+02	2.920130e+00	2.920130e+00
2.010619e+00	2.261947e+00	1.633467e+02	2.928603e+00	2.928603e+00
2.261947e+00	2.513274e+00	1.614572e+02	2.911621e+00	2.911621e+00
2.513274e+00	2.764602e+00	1.590413e+02	2.889751e+00	2.889751e+00
2.764602e+00	3.015929e+00	1.643976e+02	2.938015e+00	2.938015e+00
3.015929e+00	3.267256e+00	1.656576e+02	2.949252e+00	2.949252e+00
3.267256e+00	3.518584e+00	1.581486e+02	2.881627e+00	2.881627e+00
3.518584e+00	3.769911e+00	1.627698e+02	2.923432e+00	2.923432e+00
3.769911e+00	4.021239e+00	1.635568e+02	2.930486e+00	2.930486e+00
4.021239e+00	4.272566e+00	1.608796e+02	2.906407e+00	2.906407e+00
4.272566e+00	4.523893e+00	1.638725e+02	2.933318e+00	2.933318e+00
4.523893e+00	4.775221e+00	1.585687e+02	2.885453e+00	2.885453e+00
4.775221e+00	5.026548e+00	1.637675e+02	2.932378e+00	2.932378e+00
5.026548e+00	5.277876e+00	1.640817e+02	2.935183e+00	2.935183e+00
5.277876e+00	5.529203e+00	1.645025e+02	2.938952e+00	2.938952e+00
5.529203e+00	5.780530e+00	1.657101e+02	2.949719e+00	2.949719e+00
5.780530e+00	6.031858e+00	1.607739e+02	2.905447e+00	2.905447e+00
6.031858e+00	6.283185e+00	1.625598e+02	2.921545e+00	2.921545e+00
# END HISTO1D

