# BEGIN PLOT
Legend=1
LogY=1
Title=Z $p_\perp$
XLabel=$p_\perp^{\mathrm{Z}}$ [GeV]
YLabel=$\mathrm{d}\sigma/\mathrm{d}p_\perp^{\mathrm{Z}}$ [pb/GeV]
LogX=1
LegendXPos=0.05
LegendYPos=0.5
DrawOnly=//eos/home-c/choij/cms-mg4gpu-integration/genValidation/DY01234j_UPSTREAM/merged.yoda.gz/MC_ZINC:ENERGY=13600/Z_pT //eos/home-c/choij/cms-mg4gpu-integration/genValidation/DY01234j_CPP512Z/merged.yoda.gz/MC_ZINC:ENERGY=13600/Z_pT //eos/home-c/choij/cms-mg4gpu-integration/genValidation/DY01234j_CUDA/merged.yoda.gz/MC_ZINC:ENERGY=13600/Z_pT
LegendOnly=//eos/home-c/choij/cms-mg4gpu-integration/genValidation/DY01234j_UPSTREAM/merged.yoda.gz/MC_ZINC:ENERGY=13600/Z_pT //eos/home-c/choij/cms-mg4gpu-integration/genValidation/DY01234j_CPP512Z/merged.yoda.gz/MC_ZINC:ENERGY=13600/Z_pT //eos/home-c/choij/cms-mg4gpu-integration/genValidation/DY01234j_CUDA/merged.yoda.gz/MC_ZINC:ENERGY=13600/Z_pT
RatioPlot=1
RatioPlotReference=//eos/home-c/choij/cms-mg4gpu-integration/genValidation/DY01234j_UPSTREAM/merged.yoda.gz/MC_ZINC:ENERGY=13600/Z_pT
RatioPlotYLabel=Ratio
# END PLOT

# BEGIN HISTO1D //eos/home-c/choij/cms-mg4gpu-integration/genValidation/DY01234j_UPSTREAM/merged.yoda.gz/MC_ZINC:ENERGY=13600/Z_pT
ErrorBars=1
LineColor=red
LineStyle=solid
Path=//eos/home-c/choij/cms-mg4gpu-integration/genValidation/DY01234j_UPSTREAM/merged.yoda.gz/MC_ZINC:ENERGY=13600/Z_pT
ScaledBy=1.00001996714958461e-06
Title=MG362
# xlow	 xhigh	 val	 errminus	 errplus
1.000000e+00	1.092258e+00	3.662530e+01	2.284624e+00	2.284624e+00
1.092258e+00	1.193027e+00	4.279382e+01	2.362894e+00	2.362894e+00
1.193027e+00	1.303093e+00	4.431445e+01	2.300692e+00	2.300692e+00
1.303093e+00	1.423313e+00	5.205489e+01	2.385932e+00	2.385932e+00
1.423313e+00	1.554624e+00	5.256606e+01	2.294171e+00	2.294171e+00
1.554624e+00	1.698050e+00	5.857650e+01	2.317251e+00	2.317251e+00
1.698050e+00	1.854708e+00	5.874751e+01	2.220447e+00	2.220447e+00
1.854708e+00	2.025819e+00	6.177668e+01	2.178695e+00	2.178695e+00
2.025819e+00	2.212717e+00	6.619504e+01	2.157897e+00	2.157897e+00
2.212717e+00	2.416857e+00	6.646468e+01	2.068956e+00	2.068956e+00
2.416857e+00	2.639830e+00	6.869370e+01	2.012584e+00	2.012584e+00
2.639830e+00	2.883375e+00	7.303973e+01	1.985684e+00	1.985684e+00
2.883375e+00	3.149388e+00	7.472920e+01	1.921828e+00	1.921828e+00
3.149388e+00	3.439943e+00	7.325859e+01	1.820687e+00	1.820687e+00
3.439943e+00	3.757304e+00	7.398972e+01	1.750776e+00	1.750776e+00
3.757304e+00	4.103944e+00	7.183542e+01	1.650626e+00	1.650626e+00
4.103944e+00	4.482564e+00	6.667006e+01	1.521529e+00	1.521529e+00
4.482564e+00	4.896115e+00	6.866889e+01	1.477520e+00	1.477520e+00
4.896115e+00	5.347819e+00	6.345122e+01	1.358976e+00	1.358976e+00
5.347819e+00	5.841196e+00	5.875787e+01	1.251301e+00	1.251301e+00
5.841196e+00	6.380091e+00	5.728350e+01	1.182171e+00	1.182171e+00
6.380091e+00	6.968703e+00	5.161906e+01	1.073768e+00	1.073768e+00
6.968703e+00	7.611619e+00	4.848610e+01	9.957530e-01	9.957530e-01
7.611619e+00	8.313849e+00	4.631910e+01	9.312370e-01	9.312370e-01
8.313849e+00	9.080865e+00	4.086402e+01	8.369279e-01	8.369279e-01
9.080865e+00	9.918644e+00	3.777341e+01	7.699248e-01	7.699248e-01
9.918644e+00	1.083371e+01	3.601962e+01	7.193859e-01	7.193859e-01
1.083371e+01	1.183321e+01	3.189811e+01	6.477526e-01	6.477526e-01
1.183321e+01	1.292491e+01	2.885502e+01	5.894922e-01	5.894922e-01
1.292491e+01	1.411733e+01	2.521590e+01	5.272801e-01	5.272801e-01
1.411733e+01	1.541977e+01	2.328808e+01	4.848528e-01	4.848528e-01
1.541977e+01	1.684236e+01	2.103443e+01	4.409046e-01	4.409046e-01
1.684236e+01	1.839619e+01	1.845407e+01	3.951522e-01	3.951522e-01
1.839619e+01	2.009338e+01	1.544653e+01	3.459141e-01	3.459141e-01
2.009338e+01	2.194715e+01	1.358879e+01	3.104440e-01	3.104440e-01
2.194715e+01	2.397194e+01	1.131763e+01	2.710859e-01	2.710859e-01
2.397194e+01	2.618354e+01	9.891915e+00	2.424956e-01	2.424956e-01
2.618354e+01	2.859917e+01	8.387013e+00	2.136515e-01	2.136515e-01
2.859917e+01	3.123766e+01	6.926261e+00	1.857769e-01	1.857769e-01
3.123766e+01	3.411957e+01	5.976266e+00	1.651180e-01	1.651180e-01
3.411957e+01	3.726736e+01	5.099762e+00	1.459460e-01	1.459460e-01
3.726736e+01	4.070556e+01	4.359284e+00	1.291109e-01	1.291109e-01
4.070556e+01	4.446096e+01	3.640888e+00	1.128992e-01	1.128992e-01
4.446096e+01	4.856282e+01	2.945600e+00	9.716639e-02	9.716639e-02
4.856282e+01	5.304311e+01	2.374063e+00	8.346764e-02	8.346764e-02
5.304311e+01	5.793675e+01	1.864519e+00	7.077621e-02	7.077621e-02
5.793675e+01	6.328185e+01	1.488121e+00	6.050076e-02	6.050076e-02
6.328185e+01	6.912009e+01	1.078689e+00	4.928658e-02	4.928658e-02
6.912009e+01	7.549694e+01	8.618025e-01	4.215214e-02	4.215214e-02
7.549694e+01	8.246211e+01	6.549915e-01	3.516179e-02	3.516179e-02
8.246211e+01	9.006987e+01	5.098021e-01	2.968182e-02	2.968182e-02
9.006987e+01	9.837951e+01	4.303397e-01	2.609318e-02	2.609318e-02
9.837951e+01	1.074558e+02	3.128886e-01	2.128937e-02	2.128937e-02
1.074558e+02	1.173694e+02	2.281067e-01	1.739298e-02	1.739298e-02
1.173694e+02	1.281976e+02	1.724135e-01	1.446862e-02	1.446862e-02
1.281976e+02	1.400248e+02	1.222671e-01	1.165772e-02	1.165772e-02
1.400248e+02	1.529432e+02	8.854038e-02	9.492527e-03	9.492527e-03
1.529432e+02	1.670533e+02	7.454596e-02	8.334492e-03	8.334492e-03
1.670533e+02	1.824653e+02	4.350226e-02	6.091535e-03	6.091535e-03
1.824653e+02	1.992991e+02	2.811740e-02	4.686234e-03	4.686234e-03
1.992991e+02	2.176860e+02	3.289289e-02	4.849793e-03	4.849793e-03
2.176860e+02	2.377692e+02	1.505729e-02	3.139663e-03	3.139663e-03
2.377692e+02	2.597052e+02	1.018890e-02	2.471171e-03	2.471171e-03
2.597052e+02	2.836650e+02	6.036565e-03	1.820093e-03	1.820093e-03
2.836650e+02	3.098352e+02	9.044566e-03	2.131825e-03	2.131825e-03
3.098352e+02	3.384199e+02	6.439134e-03	1.720931e-03	1.720931e-03
3.384199e+02	3.696417e+02	1.263040e-03	7.292166e-04	7.292166e-04
3.696417e+02	4.037440e+02	7.709896e-04	5.451721e-04	5.451721e-04
4.037440e+02	4.409924e+02	3.531658e-04	3.531658e-04	3.531658e-04
4.409924e+02	4.816774e+02	9.694725e-04	5.597253e-04	5.597253e-04
4.816774e+02	5.261158e+02	2.957321e-04	2.957322e-04	2.957322e-04
5.261158e+02	5.746540e+02	0.000000e+00	0.000000e+00	0.000000e+00
5.746540e+02	6.276702e+02	0.000000e+00	0.000000e+00	0.000000e+00
6.276702e+02	6.855776e+02	0.000000e+00	0.000000e+00	0.000000e+00
6.855776e+02	7.488273e+02	0.000000e+00	0.000000e+00	0.000000e+00
7.488273e+02	8.179124e+02	0.000000e+00	0.000000e+00	0.000000e+00
8.179124e+02	8.933710e+02	0.000000e+00	0.000000e+00	0.000000e+00
8.933710e+02	9.757913e+02	0.000000e+00	0.000000e+00	0.000000e+00
9.757913e+02	1.065816e+03	0.000000e+00	0.000000e+00	0.000000e+00
1.065816e+03	1.164145e+03	0.000000e+00	0.000000e+00	0.000000e+00
1.164145e+03	1.271546e+03	0.000000e+00	0.000000e+00	0.000000e+00
1.271546e+03	1.388856e+03	1.121376e-04	1.121376e-04	1.121376e-04
1.388856e+03	1.516989e+03	0.000000e+00	0.000000e+00	0.000000e+00
1.516989e+03	1.656943e+03	0.000000e+00	0.000000e+00	0.000000e+00
1.656943e+03	1.809808e+03	0.000000e+00	0.000000e+00	0.000000e+00
1.809808e+03	1.976777e+03	0.000000e+00	0.000000e+00	0.000000e+00
1.976777e+03	2.159150e+03	0.000000e+00	0.000000e+00	0.000000e+00
2.159150e+03	2.358348e+03	0.000000e+00	0.000000e+00	0.000000e+00
2.358348e+03	2.575923e+03	0.000000e+00	0.000000e+00	0.000000e+00
2.575923e+03	2.813572e+03	0.000000e+00	0.000000e+00	0.000000e+00
2.813572e+03	3.073145e+03	0.000000e+00	0.000000e+00	0.000000e+00
3.073145e+03	3.356667e+03	0.000000e+00	0.000000e+00	0.000000e+00
3.356667e+03	3.666345e+03	0.000000e+00	0.000000e+00	0.000000e+00
3.666345e+03	4.004593e+03	0.000000e+00	0.000000e+00	0.000000e+00
4.004593e+03	4.374047e+03	0.000000e+00	0.000000e+00	0.000000e+00
4.374047e+03	4.777586e+03	0.000000e+00	0.000000e+00	0.000000e+00
4.777586e+03	5.218355e+03	0.000000e+00	0.000000e+00	0.000000e+00
5.218355e+03	5.699788e+03	0.000000e+00	0.000000e+00	0.000000e+00
5.699788e+03	6.225637e+03	0.000000e+00	0.000000e+00	0.000000e+00
6.225637e+03	6.800000e+03	0.000000e+00	0.000000e+00	0.000000e+00
# END HISTO1D


# BEGIN HISTO1D //eos/home-c/choij/cms-mg4gpu-integration/genValidation/DY01234j_CPP512Z/merged.yoda.gz/MC_ZINC:ENERGY=13600/Z_pT
ErrorBars=1
LineColor=blue
LineStyle=solid
Path=//eos/home-c/choij/cms-mg4gpu-integration/genValidation/DY01234j_CPP512Z/merged.yoda.gz/MC_ZINC:ENERGY=13600/Z_pT
ScaledBy=1.00000054421021920e-06
Title=CPP-AVX512
# xlow	 xhigh	 val	 errminus	 errplus
1.000000e+00	1.092258e+00	3.734732e+01	2.307325e+00	2.307325e+00
1.092258e+00	1.193027e+00	4.332818e+01	2.377943e+00	2.377943e+00
1.193027e+00	1.303093e+00	4.337197e+01	2.276438e+00	2.276438e+00
1.303093e+00	1.423313e+00	4.955469e+01	2.328283e+00	2.328283e+00
1.423313e+00	1.554624e+00	5.017526e+01	2.241665e+00	2.241665e+00
1.554624e+00	1.698050e+00	5.519888e+01	2.249739e+00	2.249739e+00
1.698050e+00	1.854708e+00	5.767183e+01	2.200317e+00	2.200317e+00
1.854708e+00	2.025819e+00	6.525150e+01	2.239425e+00	2.239425e+00
2.025819e+00	2.212717e+00	6.522836e+01	2.142381e+00	2.142381e+00
2.212717e+00	2.416857e+00	6.848016e+01	2.100382e+00	2.100382e+00
2.416857e+00	2.639830e+00	6.936100e+01	2.022608e+00	2.022608e+00
2.639830e+00	2.883375e+00	7.208803e+01	1.972980e+00	1.972980e+00
2.883375e+00	3.149388e+00	7.465060e+01	1.921078e+00	1.921078e+00
3.149388e+00	3.439943e+00	6.870689e+01	1.763455e+00	1.763455e+00
3.439943e+00	3.757304e+00	7.268382e+01	1.735494e+00	1.735494e+00
3.757304e+00	4.103944e+00	7.371469e+01	1.672314e+00	1.672314e+00
4.103944e+00	4.482564e+00	6.929436e+01	1.551409e+00	1.551409e+00
4.482564e+00	4.896115e+00	6.700284e+01	1.459691e+00	1.459691e+00
4.896115e+00	5.347819e+00	6.440047e+01	1.369293e+00	1.369293e+00
5.347819e+00	5.841196e+00	6.002732e+01	1.264925e+00	1.264925e+00
5.841196e+00	6.380091e+00	5.773902e+01	1.187031e+00	1.187031e+00
6.380091e+00	6.968703e+00	5.174497e+01	1.075224e+00	1.075224e+00
6.968703e+00	7.611619e+00	4.984926e+01	1.009790e+00	1.009790e+00
7.611619e+00	8.313849e+00	4.485240e+01	9.165009e-01	9.165009e-01
8.313849e+00	9.080865e+00	4.138962e+01	8.424088e-01	8.424088e-01
9.080865e+00	9.918644e+00	3.798780e+01	7.722120e-01	7.722120e-01
9.918644e+00	1.083371e+01	3.521065e+01	7.113626e-01	7.113626e-01
1.083371e+01	1.183321e+01	3.206522e+01	6.495410e-01	6.495410e-01
1.183321e+01	1.292491e+01	2.761023e+01	5.767168e-01	5.767168e-01
1.292491e+01	1.411733e+01	2.655736e+01	5.411987e-01	5.411987e-01
1.411733e+01	1.541977e+01	2.205228e+01	4.718751e-01	4.718751e-01
1.541977e+01	1.684236e+01	2.030075e+01	4.332073e-01	4.332073e-01
1.684236e+01	1.839619e+01	1.804438e+01	3.907944e-01	3.907944e-01
1.839619e+01	2.009338e+01	1.535018e+01	3.448828e-01	3.448828e-01
2.009338e+01	2.194715e+01	1.312428e+01	3.051333e-01	3.051333e-01
2.194715e+01	2.397194e+01	1.085960e+01	2.655801e-01	2.655801e-01
2.397194e+01	2.618354e+01	9.662909e+00	2.397073e-01	2.397073e-01
2.618354e+01	2.859917e+01	8.498284e+00	2.150948e-01	2.150948e-01
2.859917e+01	3.123766e+01	7.351868e+00	1.914263e-01	1.914263e-01
3.123766e+01	3.411957e+01	5.996141e+00	1.654147e-01	1.654147e-01
3.411957e+01	3.726736e+01	5.084462e+00	1.457470e-01	1.457470e-01
3.726736e+01	4.070556e+01	4.234245e+00	1.272630e-01	1.272630e-01
4.070556e+01	4.446096e+01	3.491386e+00	1.105733e-01	1.105733e-01
4.446096e+01	4.856282e+01	3.049036e+00	9.887179e-02	9.887179e-02
4.856282e+01	5.304311e+01	2.362910e+00	8.328160e-02	8.328160e-02
5.304311e+01	5.793675e+01	1.787086e+00	6.930023e-02	6.930023e-02
5.793675e+01	6.328185e+01	1.510685e+00	6.096627e-02	6.096627e-02
6.328185e+01	6.912009e+01	1.103750e+00	4.986235e-02	4.986235e-02
6.912009e+01	7.549694e+01	8.434843e-01	4.170762e-02	4.170762e-02
7.549694e+01	8.246211e+01	6.967119e-01	3.626937e-02	3.626937e-02
8.246211e+01	9.006987e+01	5.721701e-01	3.144932e-02	3.144932e-02
9.006987e+01	9.837951e+01	4.368075e-01	2.629272e-02	2.629272e-02
9.837951e+01	1.074558e+02	3.361540e-01	2.206959e-02	2.206959e-02
1.074558e+02	1.173694e+02	2.188809e-01	1.703986e-02	1.703986e-02
1.173694e+02	1.281976e+02	1.724626e-01	1.447274e-02	1.447274e-02
1.281976e+02	1.400248e+02	1.256462e-01	1.181980e-02	1.181980e-02
1.400248e+02	1.529432e+02	9.671190e-02	9.922435e-03	9.922435e-03
1.529432e+02	1.670533e+02	7.176717e-02	8.178628e-03	8.178628e-03
1.670533e+02	1.824653e+02	4.266629e-02	6.033923e-03	6.033923e-03
1.824653e+02	1.992991e+02	3.828057e-02	5.468652e-03	5.468652e-03
1.992991e+02	2.176860e+02	3.576224e-02	5.057545e-03	5.057545e-03
2.176860e+02	2.377692e+02	2.160871e-02	3.761593e-03	3.761593e-03
2.377692e+02	2.597052e+02	9.591689e-03	2.397923e-03	2.397923e-03
2.597052e+02	2.836650e+02	8.782181e-03	2.195545e-03	2.195545e-03
2.836650e+02	3.098352e+02	5.025430e-03	1.589180e-03	1.589180e-03
3.098352e+02	3.384199e+02	4.140589e-03	1.380196e-03	1.380196e-03
3.384199e+02	3.696417e+02	3.370007e-03	1.191477e-03	1.191477e-03
3.696417e+02	4.037440e+02	7.711741e-04	5.453025e-04	5.453025e-04
4.037440e+02	4.409924e+02	1.765355e-03	7.894906e-04	7.894906e-04
4.409924e+02	4.816774e+02	1.292959e-03	6.464794e-04	6.464794e-04
4.816774e+02	5.261158e+02	2.959020e-04	2.959019e-04	2.959019e-04
5.261158e+02	5.746540e+02	0.000000e+00	0.000000e+00	0.000000e+00
5.746540e+02	6.276702e+02	4.961127e-04	3.508047e-04	3.508047e-04
6.276702e+02	6.855776e+02	2.271318e-04	2.271317e-04	2.271317e-04
6.855776e+02	7.488273e+02	0.000000e+00	0.000000e+00	0.000000e+00
7.488273e+02	8.179124e+02	0.000000e+00	0.000000e+00	0.000000e+00
8.179124e+02	8.933710e+02	0.000000e+00	0.000000e+00	0.000000e+00
8.933710e+02	9.757913e+02	0.000000e+00	0.000000e+00	0.000000e+00
9.757913e+02	1.065816e+03	0.000000e+00	0.000000e+00	0.000000e+00
1.065816e+03	1.164145e+03	0.000000e+00	0.000000e+00	0.000000e+00
1.164145e+03	1.271546e+03	0.000000e+00	0.000000e+00	0.000000e+00
1.271546e+03	1.388856e+03	0.000000e+00	0.000000e+00	0.000000e+00
1.388856e+03	1.516989e+03	0.000000e+00	0.000000e+00	0.000000e+00
1.516989e+03	1.656943e+03	0.000000e+00	0.000000e+00	0.000000e+00
1.656943e+03	1.809808e+03	0.000000e+00	0.000000e+00	0.000000e+00
1.809808e+03	1.976777e+03	0.000000e+00	0.000000e+00	0.000000e+00
1.976777e+03	2.159150e+03	0.000000e+00	0.000000e+00	0.000000e+00
2.159150e+03	2.358348e+03	0.000000e+00	0.000000e+00	0.000000e+00
2.358348e+03	2.575923e+03	0.000000e+00	0.000000e+00	0.000000e+00
2.575923e+03	2.813572e+03	0.000000e+00	0.000000e+00	0.000000e+00
2.813572e+03	3.073145e+03	0.000000e+00	0.000000e+00	0.000000e+00
3.073145e+03	3.356667e+03	0.000000e+00	0.000000e+00	0.000000e+00
3.356667e+03	3.666345e+03	0.000000e+00	0.000000e+00	0.000000e+00
3.666345e+03	4.004593e+03	0.000000e+00	0.000000e+00	0.000000e+00
4.004593e+03	4.374047e+03	0.000000e+00	0.000000e+00	0.000000e+00
4.374047e+03	4.777586e+03	0.000000e+00	0.000000e+00	0.000000e+00
4.777586e+03	5.218355e+03	0.000000e+00	0.000000e+00	0.000000e+00
5.218355e+03	5.699788e+03	0.000000e+00	0.000000e+00	0.000000e+00
5.699788e+03	6.225637e+03	0.000000e+00	0.000000e+00	0.000000e+00
6.225637e+03	6.800000e+03	0.000000e+00	0.000000e+00	0.000000e+00
# END HISTO1D


# BEGIN HISTO1D //eos/home-c/choij/cms-mg4gpu-integration/genValidation/DY01234j_CUDA/merged.yoda.gz/MC_ZINC:ENERGY=13600/Z_pT
ErrorBars=1
LineColor=green
LineStyle=solid
Path=//eos/home-c/choij/cms-mg4gpu-integration/genValidation/DY01234j_CUDA/merged.yoda.gz/MC_ZINC:ENERGY=13600/Z_pT
ScaledBy=1.00004549403784461e-06
Title=CUDA
# xlow	 xhigh	 val	 errminus	 errplus
1.000000e+00	1.092258e+00	4.348307e+01	2.493925e+00	2.493925e+00
1.092258e+00	1.193027e+00	3.823906e+01	2.237772e+00	2.237772e+00
1.193027e+00	1.303093e+00	4.412113e+01	2.299973e+00	2.299973e+00
1.303093e+00	1.423313e+00	5.093224e+01	2.364470e+00	2.364470e+00
1.423313e+00	1.554624e+00	5.909190e+01	2.436909e+00	2.436909e+00
1.554624e+00	1.698050e+00	5.382440e+01	2.225365e+00	2.225365e+00
1.698050e+00	1.854708e+00	5.921798e+01	2.233448e+00	2.233448e+00
1.854708e+00	2.025819e+00	6.030869e+01	2.156634e+00	2.156634e+00
2.025819e+00	2.212717e+00	6.559380e+01	2.152062e+00	2.152062e+00
2.212717e+00	2.416857e+00	6.987935e+01	2.125377e+00	2.125377e+00
2.416857e+00	2.639830e+00	7.380158e+01	2.089933e+00	2.089933e+00
2.639830e+00	2.883375e+00	7.287766e+01	1.987162e+00	1.987162e+00
2.883375e+00	3.149388e+00	7.758632e+01	1.961855e+00	1.961855e+00
3.149388e+00	3.439943e+00	7.289505e+01	1.819535e+00	1.819535e+00
3.439943e+00	3.757304e+00	7.883807e+01	1.810577e+00	1.810577e+00
3.757304e+00	4.103944e+00	7.309275e+01	1.668106e+00	1.668106e+00
4.103944e+00	4.482564e+00	6.998603e+01	1.561814e+00	1.561814e+00
4.482564e+00	4.896115e+00	6.943547e+01	1.488511e+00	1.488511e+00
4.896115e+00	5.347819e+00	6.482679e+01	1.376182e+00	1.376182e+00
5.347819e+00	5.841196e+00	6.384469e+01	1.306768e+00	1.306768e+00
5.841196e+00	6.380091e+00	5.754594e+01	1.187082e+00	1.187082e+00
6.380091e+00	6.968703e+00	5.378388e+01	1.098088e+00	1.098088e+00
6.968703e+00	7.611619e+00	5.057522e+01	1.018867e+00	1.018867e+00
7.611619e+00	8.313849e+00	4.765641e+01	9.463391e-01	9.463391e-01
8.313849e+00	9.080865e+00	4.249553e+01	8.550564e-01	8.550564e-01
9.080865e+00	9.918644e+00	4.026080e+01	7.963462e-01	7.963462e-01
9.918644e+00	1.083371e+01	3.693248e+01	7.297998e-01	7.297998e-01
1.083371e+01	1.183321e+01	3.402381e+01	6.702329e-01	6.702329e-01
1.183321e+01	1.292491e+01	2.962722e+01	5.984382e-01	5.984382e-01
1.292491e+01	1.411733e+01	2.760059e+01	5.526754e-01	5.526754e-01
1.411733e+01	1.541977e+01	2.376958e+01	4.907469e-01	4.907469e-01
1.541977e+01	1.684236e+01	2.099209e+01	4.412793e-01	4.412793e-01
1.684236e+01	1.839619e+01	1.857362e+01	3.971662e-01	3.971662e-01
1.839619e+01	2.009338e+01	1.545744e+01	3.466807e-01	3.466807e-01
2.009338e+01	2.194715e+01	1.327622e+01	3.074218e-01	3.074218e-01
2.194715e+01	2.397194e+01	1.079275e+01	2.652173e-01	2.652173e-01
2.397194e+01	2.618354e+01	8.884636e+00	2.302462e-01	2.302462e-01
2.618354e+01	2.859917e+01	8.139686e+00	2.108699e-01	2.108699e-01
2.859917e+01	3.123766e+01	6.576910e+00	1.813673e-01	1.813673e-01
3.123766e+01	3.411957e+01	5.604707e+00	1.601999e-01	1.601999e-01
3.411957e+01	3.726736e+01	4.716264e+00	1.406118e-01	1.406118e-01
3.726736e+01	4.070556e+01	3.872683e+00	1.219176e-01	1.219176e-01
4.070556e+01	4.446096e+01	3.320682e+00	1.080219e-01	1.080219e-01
4.446096e+01	4.856282e+01	2.689534e+00	9.301945e-02	9.301945e-02
4.856282e+01	5.304311e+01	2.332762e+00	8.289108e-02	8.289108e-02
5.304311e+01	5.793675e+01	1.895726e+00	7.149866e-02	7.149866e-02
5.793675e+01	6.328185e+01	1.493661e+00	6.072594e-02	6.072594e-02
6.328185e+01	6.912009e+01	1.139202e+00	5.074408e-02	5.074408e-02
6.912009e+01	7.549694e+01	9.188154e-01	4.360505e-02	4.360505e-02
7.549694e+01	8.246211e+01	6.858480e-01	3.604738e-02	3.604738e-02
8.246211e+01	9.006987e+01	5.515980e-01	3.093208e-02	3.093208e-02
9.006987e+01	9.837951e+01	3.652572e-01	2.408435e-02	2.408435e-02
9.837951e+01	1.074558e+02	3.184109e-01	2.151622e-02	2.151622e-02
1.074558e+02	1.173694e+02	2.422657e-01	1.795793e-02	1.795793e-02
1.173694e+02	1.281976e+02	1.754919e-01	1.462433e-02	1.462433e-02
1.281976e+02	1.400248e+02	1.483964e-01	1.286760e-02	1.286760e-02
1.400248e+02	1.529432e+02	1.052155e-01	1.036719e-02	1.036719e-02
1.529432e+02	1.670533e+02	7.668975e-02	8.468968e-03	8.468968e-03
1.670533e+02	1.824653e+02	5.479891e-02	6.849865e-03	6.849865e-03
1.824653e+02	1.992991e+02	4.154747e-02	5.706984e-03	5.706984e-03
1.992991e+02	2.176860e+02	2.153110e-02	3.931023e-03	3.931023e-03
2.176860e+02	2.377692e+02	1.642705e-02	3.285411e-03	3.285411e-03
2.377692e+02	2.597052e+02	9.625283e-03	2.406320e-03	2.406320e-03
2.597052e+02	2.836650e+02	1.046461e-02	2.400746e-03	2.400746e-03
2.836650e+02	3.098352e+02	7.563725e-03	1.952946e-03	1.952946e-03
3.098352e+02	3.384199e+02	2.308270e-03	1.032290e-03	1.032290e-03
3.384199e+02	3.696417e+02	2.958651e-03	1.118265e-03	1.118265e-03
3.696417e+02	4.037440e+02	1.160878e-03	6.702331e-04	6.702331e-04
4.037440e+02	4.409924e+02	7.085727e-04	5.010366e-04	5.010366e-04
4.409924e+02	4.816774e+02	3.243456e-04	3.243456e-04	3.243456e-04
4.816774e+02	5.261158e+02	1.187842e-03	5.939210e-04	5.939210e-04
5.261158e+02	5.746540e+02	2.718683e-04	2.718683e-04	2.718683e-04
5.746540e+02	6.276702e+02	2.489051e-04	2.489050e-04	2.489050e-04
6.276702e+02	6.855776e+02	0.000000e+00	0.000000e+00	0.000000e+00
6.855776e+02	7.488273e+02	0.000000e+00	0.000000e+00	0.000000e+00
7.488273e+02	8.179124e+02	0.000000e+00	0.000000e+00	0.000000e+00
8.179124e+02	8.933710e+02	0.000000e+00	0.000000e+00	0.000000e+00
8.933710e+02	9.757913e+02	3.202124e-04	2.264244e-04	2.264244e-04
9.757913e+02	1.065816e+03	0.000000e+00	0.000000e+00	0.000000e+00
1.065816e+03	1.164145e+03	0.000000e+00	0.000000e+00	0.000000e+00
1.164145e+03	1.271546e+03	0.000000e+00	0.000000e+00	0.000000e+00
1.271546e+03	1.388856e+03	0.000000e+00	0.000000e+00	0.000000e+00
1.388856e+03	1.516989e+03	0.000000e+00	0.000000e+00	0.000000e+00
1.516989e+03	1.656943e+03	0.000000e+00	0.000000e+00	0.000000e+00
1.656943e+03	1.809808e+03	0.000000e+00	0.000000e+00	0.000000e+00
1.809808e+03	1.976777e+03	0.000000e+00	0.000000e+00	0.000000e+00
1.976777e+03	2.159150e+03	0.000000e+00	0.000000e+00	0.000000e+00
2.159150e+03	2.358348e+03	0.000000e+00	0.000000e+00	0.000000e+00
2.358348e+03	2.575923e+03	0.000000e+00	0.000000e+00	0.000000e+00
2.575923e+03	2.813572e+03	0.000000e+00	0.000000e+00	0.000000e+00
2.813572e+03	3.073145e+03	0.000000e+00	0.000000e+00	0.000000e+00
3.073145e+03	3.356667e+03	0.000000e+00	0.000000e+00	0.000000e+00
3.356667e+03	3.666345e+03	0.000000e+00	0.000000e+00	0.000000e+00
3.666345e+03	4.004593e+03	0.000000e+00	0.000000e+00	0.000000e+00
4.004593e+03	4.374047e+03	0.000000e+00	0.000000e+00	0.000000e+00
4.374047e+03	4.777586e+03	0.000000e+00	0.000000e+00	0.000000e+00
4.777586e+03	5.218355e+03	0.000000e+00	0.000000e+00	0.000000e+00
5.218355e+03	5.699788e+03	0.000000e+00	0.000000e+00	0.000000e+00
5.699788e+03	6.225637e+03	0.000000e+00	0.000000e+00	0.000000e+00
6.225637e+03	6.800000e+03	0.000000e+00	0.000000e+00	0.000000e+00
# END HISTO1D

