# BEGIN PLOT
Legend=1
LogY=1
Title=Phase-space weighted $\Delta{R}$ between photons and associated leptons
XLabel=$\Delta{R}$
DrawOnly=//eos/home-c/choij/cms-mg4gpu-integration/genValidation/DY01234j_UPSTREAM/merged.yoda.gz/MC_PHOTONS:ENERGY=13600/DeltaR_R //eos/home-c/choij/cms-mg4gpu-integration/genValidation/DY01234j_CPP512Z/merged.yoda.gz/MC_PHOTONS:ENERGY=13600/DeltaR_R //eos/home-c/choij/cms-mg4gpu-integration/genValidation/DY01234j_CUDA/merged.yoda.gz/MC_PHOTONS:ENERGY=13600/DeltaR_R
LegendOnly=//eos/home-c/choij/cms-mg4gpu-integration/genValidation/DY01234j_UPSTREAM/merged.yoda.gz/MC_PHOTONS:ENERGY=13600/DeltaR_R //eos/home-c/choij/cms-mg4gpu-integration/genValidation/DY01234j_CPP512Z/merged.yoda.gz/MC_PHOTONS:ENERGY=13600/DeltaR_R //eos/home-c/choij/cms-mg4gpu-integration/genValidation/DY01234j_CUDA/merged.yoda.gz/MC_PHOTONS:ENERGY=13600/DeltaR_R
RatioPlot=1
RatioPlotReference=//eos/home-c/choij/cms-mg4gpu-integration/genValidation/DY01234j_UPSTREAM/merged.yoda.gz/MC_PHOTONS:ENERGY=13600/DeltaR_R
RatioPlotYLabel=Ratio
# END PLOT

# BEGIN HISTO1D //eos/home-c/choij/cms-mg4gpu-integration/genValidation/DY01234j_UPSTREAM/merged.yoda.gz/MC_PHOTONS:ENERGY=13600/DeltaR_R
ErrorBars=1
LineColor=red
LineStyle=solid
Path=//eos/home-c/choij/cms-mg4gpu-integration/genValidation/DY01234j_UPSTREAM/merged.yoda.gz/MC_PHOTONS:ENERGY=13600/DeltaR_R
ScaledBy=2.74119057417498597e-13
Title=MG362
# xlow	 xhigh	 val	 errminus	 errplus
0.000000e+00	4.000000e-02	2.245495e+01	1.830765e-01	1.830765e-01
4.000000e-02	8.000000e-02	7.259645e-02	3.431908e-04	3.431908e-04
8.000000e-02	1.200000e-01	4.847795e-02	2.111979e-04	2.111979e-04
1.200000e-01	1.600000e-01	4.131570e-02	1.637593e-04	1.637593e-04
1.600000e-01	2.000000e-01	3.910315e-02	1.402698e-04	1.402698e-04
2.000000e-01	2.400000e-01	3.750923e-02	1.241370e-04	1.241370e-04
2.400000e-01	2.800000e-01	3.673410e-02	1.129504e-04	1.129504e-04
2.800000e-01	3.200000e-01	3.627823e-02	1.044564e-04	1.044564e-04
3.200000e-01	3.600000e-01	3.575508e-02	9.740271e-05	9.740271e-05
3.600000e-01	4.000000e-01	3.544437e-02	9.171297e-05	9.171297e-05
4.000000e-01	4.400000e-01	3.522088e-02	8.695875e-05	8.695875e-05
4.400000e-01	4.800000e-01	3.481405e-02	8.259986e-05	8.259986e-05
4.800000e-01	5.200000e-01	3.506095e-02	7.950715e-05	7.950715e-05
5.200000e-01	5.600000e-01	3.477357e-02	7.618409e-05	7.618409e-05
5.600000e-01	6.000000e-01	3.465253e-02	7.338105e-05	7.338105e-05
6.000000e-01	6.400000e-01	3.460967e-02	7.092958e-05	7.092958e-05
6.400000e-01	6.800000e-01	3.453712e-02	6.867306e-05	6.867306e-05
6.800000e-01	7.200000e-01	3.454710e-02	6.669150e-05	6.669150e-05
7.200000e-01	7.600000e-01	3.443535e-02	6.475831e-05	6.475831e-05
7.600000e-01	8.000000e-01	3.429632e-02	6.294632e-05	6.294632e-05
8.000000e-01	8.400000e-01	3.429415e-02	6.139085e-05	6.139085e-05
8.400000e-01	8.800000e-01	3.424260e-02	5.990114e-05	5.990114e-05
8.800000e-01	9.200000e-01	3.415137e-02	5.847529e-05	5.847529e-05
9.200000e-01	9.600000e-01	3.397180e-02	5.706642e-05	5.706642e-05
9.600000e-01	1.000000e+00	3.403505e-02	5.594162e-05	5.594162e-05
1.000000e+00	1.040000e+00	3.394567e-02	5.476199e-05	5.476199e-05
1.040000e+00	1.080000e+00	3.388160e-02	5.366728e-05	5.366728e-05
1.080000e+00	1.120000e+00	3.378035e-02	5.260351e-05	5.260351e-05
1.120000e+00	1.160000e+00	3.365510e-02	5.157604e-05	5.157604e-05
1.160000e+00	1.200000e+00	3.373047e-02	5.075118e-05	5.075118e-05
1.200000e+00	1.240000e+00	3.353602e-02	4.976808e-05	4.976808e-05
1.240000e+00	1.280000e+00	3.345222e-02	4.891063e-05	4.891063e-05
1.280000e+00	1.320000e+00	3.332170e-02	4.805773e-05	4.805773e-05
1.320000e+00	1.360000e+00	3.314472e-02	4.720966e-05	4.720966e-05
1.360000e+00	1.400000e+00	3.301203e-02	4.642655e-05	4.642655e-05
1.400000e+00	1.440000e+00	3.277725e-02	4.560493e-05	4.560493e-05
1.440000e+00	1.480000e+00	3.262870e-02	4.487421e-05	4.487421e-05
1.480000e+00	1.520000e+00	3.236597e-02	4.409320e-05	4.409320e-05
1.520000e+00	1.560000e+00	3.200252e-02	4.327168e-05	4.327168e-05
1.560000e+00	1.600000e+00	3.157150e-02	4.243169e-05	4.243169e-05
1.600000e+00	1.640000e+00	3.091430e-02	4.146641e-05	4.146641e-05
1.640000e+00	1.680000e+00	3.011092e-02	4.042798e-05	4.042798e-05
1.680000e+00	1.720000e+00	2.932362e-02	3.942396e-05	3.942396e-05
1.720000e+00	1.760000e+00	2.847925e-02	3.840288e-05	3.840288e-05
1.760000e+00	1.800000e+00	2.762625e-02	3.739621e-05	3.739621e-05
1.800000e+00	1.840000e+00	2.678540e-02	3.641550e-05	3.641550e-05
1.840000e+00	1.880000e+00	2.606028e-02	3.553102e-05	3.553102e-05
1.880000e+00	1.920000e+00	2.535037e-02	3.467272e-05	3.467272e-05
1.920000e+00	1.960000e+00	2.456547e-02	3.377802e-05	3.377802e-05
1.960000e+00	2.000000e+00	2.381181e-02	3.291833e-05	3.291833e-05
# END HISTO1D


# BEGIN HISTO1D //eos/home-c/choij/cms-mg4gpu-integration/genValidation/DY01234j_CPP512Z/merged.yoda.gz/MC_PHOTONS:ENERGY=13600/DeltaR_R
ErrorBars=1
LineColor=blue
LineStyle=solid
Path=//eos/home-c/choij/cms-mg4gpu-integration/genValidation/DY01234j_CPP512Z/merged.yoda.gz/MC_PHOTONS:ENERGY=13600/DeltaR_R
ScaledBy=2.70623250758962920e-13
Title=CPP-AVX512
# xlow	 xhigh	 val	 errminus	 errplus
0.000000e+00	4.000000e-02	2.248559e+01	1.817854e-01	1.817854e-01
4.000000e-02	8.000000e-02	7.239780e-02	3.405758e-04	3.405758e-04
8.000000e-02	1.200000e-01	4.765915e-02	2.081272e-04	2.081272e-04
1.200000e-01	1.600000e-01	4.139812e-02	1.629534e-04	1.629534e-04
1.600000e-01	2.000000e-01	3.821962e-02	1.377713e-04	1.377713e-04
2.000000e-01	2.400000e-01	3.707073e-02	1.226322e-04	1.226322e-04
2.400000e-01	2.800000e-01	3.628800e-02	1.115525e-04	1.115525e-04
2.800000e-01	3.200000e-01	3.566588e-02	1.029293e-04	1.029293e-04
3.200000e-01	3.600000e-01	3.536645e-02	9.626175e-05	9.626175e-05
3.600000e-01	4.000000e-01	3.487262e-02	9.040534e-05	9.040534e-05
4.000000e-01	4.400000e-01	3.476515e-02	8.584878e-05	8.584878e-05
4.400000e-01	4.800000e-01	3.457760e-02	8.180644e-05	8.180644e-05
4.800000e-01	5.200000e-01	3.448847e-02	7.836068e-05	7.836068e-05
5.200000e-01	5.600000e-01	3.432875e-02	7.522417e-05	7.522417e-05
5.600000e-01	6.000000e-01	3.430833e-02	7.256180e-05	7.256180e-05
6.000000e-01	6.400000e-01	3.423007e-02	7.009838e-05	7.009838e-05
6.400000e-01	6.800000e-01	3.420045e-02	6.790975e-05	6.790975e-05
6.800000e-01	7.200000e-01	3.415818e-02	6.590183e-05	6.590183e-05
7.200000e-01	7.600000e-01	3.396062e-02	6.390779e-05	6.390779e-05
7.600000e-01	8.000000e-01	3.387175e-02	6.216613e-05	6.216613e-05
8.000000e-01	8.400000e-01	3.392213e-02	6.067474e-05	6.067474e-05
8.400000e-01	8.800000e-01	3.378407e-02	5.912506e-05	5.912506e-05
8.800000e-01	9.200000e-01	3.372492e-02	5.774624e-05	5.774624e-05
9.200000e-01	9.600000e-01	3.369323e-02	5.647779e-05	5.647779e-05
9.600000e-01	1.000000e+00	3.358207e-02	5.521995e-05	5.521995e-05
1.000000e+00	1.040000e+00	3.351132e-02	5.407004e-05	5.407004e-05
1.040000e+00	1.080000e+00	3.337617e-02	5.293233e-05	5.293233e-05
1.080000e+00	1.120000e+00	3.347605e-02	5.203880e-05	5.203880e-05
1.120000e+00	1.160000e+00	3.333920e-02	5.101266e-05	5.101266e-05
1.160000e+00	1.200000e+00	3.322710e-02	5.005598e-05	5.005598e-05
1.200000e+00	1.240000e+00	3.306402e-02	4.910789e-05	4.910789e-05
1.240000e+00	1.280000e+00	3.296837e-02	4.825160e-05	4.825160e-05
1.280000e+00	1.320000e+00	3.289727e-02	4.745232e-05	4.745232e-05
1.320000e+00	1.360000e+00	3.278887e-02	4.666165e-05	4.666165e-05
1.360000e+00	1.400000e+00	3.264763e-02	4.588100e-05	4.588100e-05
1.400000e+00	1.440000e+00	3.255060e-02	4.516251e-05	4.516251e-05
1.440000e+00	1.480000e+00	3.223690e-02	4.432496e-05	4.432496e-05
1.480000e+00	1.520000e+00	3.198057e-02	4.355624e-05	4.355624e-05
1.520000e+00	1.560000e+00	3.164515e-02	4.276020e-05	4.276020e-05
1.560000e+00	1.600000e+00	3.118195e-02	4.190592e-05	4.190592e-05
1.600000e+00	1.640000e+00	3.056740e-02	4.097517e-05	4.097517e-05
1.640000e+00	1.680000e+00	2.973270e-02	3.992204e-05	3.992204e-05
1.680000e+00	1.720000e+00	2.901397e-02	3.897016e-05	3.897016e-05
1.720000e+00	1.760000e+00	2.812872e-02	3.792739e-05	3.792739e-05
1.760000e+00	1.800000e+00	2.732262e-02	3.695732e-05	3.695732e-05
1.800000e+00	1.840000e+00	2.660265e-02	3.606438e-05	3.606438e-05
1.840000e+00	1.880000e+00	2.575205e-02	3.509955e-05	3.509955e-05
1.880000e+00	1.920000e+00	2.499166e-02	3.421157e-05	3.421157e-05
1.920000e+00	1.960000e+00	2.425089e-02	3.335126e-05	3.335126e-05
1.960000e+00	2.000000e+00	2.353245e-02	3.251983e-05	3.251983e-05
# END HISTO1D


# BEGIN HISTO1D //eos/home-c/choij/cms-mg4gpu-integration/genValidation/DY01234j_CUDA/merged.yoda.gz/MC_PHOTONS:ENERGY=13600/DeltaR_R
ErrorBars=1
LineColor=green
LineStyle=solid
Path=//eos/home-c/choij/cms-mg4gpu-integration/genValidation/DY01234j_CUDA/merged.yoda.gz/MC_PHOTONS:ENERGY=13600/DeltaR_R
ScaledBy=2.72089519628673999e-13
Title=CUDA
# xlow	 xhigh	 val	 errminus	 errplus
0.000000e+00	4.000000e-02	2.247971e+01	1.817394e-01	1.817394e-01
4.000000e-02	8.000000e-02	7.241290e-02	3.421813e-04	3.421813e-04
8.000000e-02	1.200000e-01	4.808580e-02	2.098137e-04	2.098137e-04
1.200000e-01	1.600000e-01	4.129020e-02	1.634621e-04	1.634621e-04
1.600000e-01	2.000000e-01	3.842035e-02	1.387496e-04	1.387496e-04
2.000000e-01	2.400000e-01	3.727503e-02	1.235268e-04	1.235268e-04
2.400000e-01	2.800000e-01	3.626045e-02	1.120043e-04	1.120043e-04
2.800000e-01	3.200000e-01	3.581433e-02	1.036074e-04	1.036074e-04
3.200000e-01	3.600000e-01	3.530908e-02	9.660639e-05	9.660639e-05
3.600000e-01	4.000000e-01	3.521632e-02	9.125134e-05	9.125134e-05
4.000000e-01	4.400000e-01	3.486220e-02	8.635124e-05	8.635124e-05
4.400000e-01	4.800000e-01	3.450900e-02	8.208597e-05	8.208597e-05
4.800000e-01	5.200000e-01	3.458157e-02	7.881268e-05	7.881268e-05
5.200000e-01	5.600000e-01	3.441242e-02	7.564884e-05	7.564884e-05
5.600000e-01	6.000000e-01	3.440850e-02	7.298727e-05	7.298727e-05
6.000000e-01	6.400000e-01	3.428820e-02	7.046837e-05	7.046837e-05
6.400000e-01	6.800000e-01	3.423712e-02	6.824587e-05	6.824587e-05
6.800000e-01	7.200000e-01	3.399388e-02	6.603120e-05	6.603120e-05
7.200000e-01	7.600000e-01	3.402985e-02	6.425641e-05	6.425641e-05
7.600000e-01	8.000000e-01	3.398285e-02	6.254089e-05	6.254089e-05
8.000000e-01	8.400000e-01	3.393990e-02	6.095880e-05	6.095880e-05
8.400000e-01	8.800000e-01	3.391420e-02	5.950148e-05	5.950148e-05
8.800000e-01	9.200000e-01	3.394812e-02	5.819328e-05	5.819328e-05
9.200000e-01	9.600000e-01	3.387258e-02	5.687648e-05	5.687648e-05
9.600000e-01	1.000000e+00	3.366257e-02	5.553097e-05	5.553097e-05
1.000000e+00	1.040000e+00	3.359187e-02	5.437422e-05	5.437422e-05
1.040000e+00	1.080000e+00	3.352750e-02	5.328504e-05	5.328504e-05
1.080000e+00	1.120000e+00	3.351795e-02	5.230092e-05	5.230092e-05
1.120000e+00	1.160000e+00	3.335273e-02	5.124743e-05	5.124743e-05
1.160000e+00	1.200000e+00	3.325287e-02	5.029640e-05	5.029640e-05
1.200000e+00	1.240000e+00	3.325362e-02	4.946521e-05	4.946521e-05
1.240000e+00	1.280000e+00	3.309930e-02	4.856065e-05	4.856065e-05
1.280000e+00	1.320000e+00	3.300302e-02	4.773824e-05	4.773824e-05
1.320000e+00	1.360000e+00	3.290917e-02	4.695329e-05	4.695329e-05
1.360000e+00	1.400000e+00	3.265140e-02	4.608568e-05	4.608568e-05
1.400000e+00	1.440000e+00	3.251100e-02	4.533489e-05	4.533489e-05
1.440000e+00	1.480000e+00	3.234200e-02	4.459293e-05	4.459293e-05
1.480000e+00	1.520000e+00	3.203647e-02	4.378606e-05	4.378606e-05
1.520000e+00	1.560000e+00	3.175395e-02	4.302207e-05	4.302207e-05
1.560000e+00	1.600000e+00	3.123760e-02	4.212806e-05	4.212806e-05
1.600000e+00	1.640000e+00	3.060910e-02	4.118419e-05	4.118419e-05
1.640000e+00	1.680000e+00	2.977635e-02	4.012772e-05	4.012772e-05
1.680000e+00	1.720000e+00	2.902110e-02	3.914653e-05	3.914653e-05
1.720000e+00	1.760000e+00	2.823847e-02	3.816850e-05	3.816850e-05
1.760000e+00	1.800000e+00	2.739905e-02	3.717224e-05	3.717224e-05
1.800000e+00	1.840000e+00	2.662285e-02	3.623726e-05	3.623726e-05
1.840000e+00	1.880000e+00	2.585310e-02	3.532334e-05	3.532334e-05
1.880000e+00	1.920000e+00	2.513345e-02	3.445960e-05	3.445960e-05
1.920000e+00	1.960000e+00	2.427647e-02	3.351596e-05	3.351596e-05
1.960000e+00	2.000000e+00	2.358490e-02	3.269970e-05	3.269970e-05
# END HISTO1D

