# BEGIN PLOT
Legend=1
LogY=1
Title=Transverse momentum of second tau
XLabel=$p_\perp(\tau\mathrm{2})$ [GeV]
YLabel=$\mathrm{d}\sigma/\mathrm{d}p_\perp(\tau\mathrm{2})$ [pb/GeV]
LogX=1
LegendXPos=0.05
LegendYPos=0.5
DrawOnly=//eos/home-c/choij/cms-mg4gpu-integration/genValidation/DY01234j_UPSTREAM/merged.yoda.gz/MC_TAUS:ENERGY=13600/tau_pt_2 //eos/home-c/choij/cms-mg4gpu-integration/genValidation/DY01234j_CPP512Z/merged.yoda.gz/MC_TAUS:ENERGY=13600/tau_pt_2 //eos/home-c/choij/cms-mg4gpu-integration/genValidation/DY01234j_CUDA/merged.yoda.gz/MC_TAUS:ENERGY=13600/tau_pt_2
LegendOnly=//eos/home-c/choij/cms-mg4gpu-integration/genValidation/DY01234j_UPSTREAM/merged.yoda.gz/MC_TAUS:ENERGY=13600/tau_pt_2 //eos/home-c/choij/cms-mg4gpu-integration/genValidation/DY01234j_CPP512Z/merged.yoda.gz/MC_TAUS:ENERGY=13600/tau_pt_2 //eos/home-c/choij/cms-mg4gpu-integration/genValidation/DY01234j_CUDA/merged.yoda.gz/MC_TAUS:ENERGY=13600/tau_pt_2
RatioPlot=1
RatioPlotReference=//eos/home-c/choij/cms-mg4gpu-integration/genValidation/DY01234j_UPSTREAM/merged.yoda.gz/MC_TAUS:ENERGY=13600/tau_pt_2
RatioPlotYLabel=Ratio
# END PLOT

# BEGIN HISTO1D //eos/home-c/choij/cms-mg4gpu-integration/genValidation/DY01234j_UPSTREAM/merged.yoda.gz/MC_TAUS:ENERGY=13600/tau_pt_2
ErrorBars=1
LineColor=red
LineStyle=solid
Path=//eos/home-c/choij/cms-mg4gpu-integration/genValidation/DY01234j_UPSTREAM/merged.yoda.gz/MC_TAUS:ENERGY=13600/tau_pt_2
ScaledBy=1.00001996714958461e-06
Title=MG362
# xlow	 xhigh	 val	 errminus	 errplus
1.000000e+00	1.167099e+00	2.989753e+00	4.850021e-01	4.850021e-01
1.167099e+00	1.362120e+00	3.640300e+00	4.953821e-01	4.953821e-01
1.362120e+00	1.589730e+00	5.140877e+00	5.449316e-01	5.449316e-01
1.589730e+00	1.855372e+00	4.602823e+00	4.772905e-01	4.772905e-01
1.855372e+00	2.165403e+00	5.936606e+00	5.017348e-01	5.017348e-01
2.165403e+00	2.527240e+00	7.302990e+00	5.151131e-01	5.151131e-01
2.527240e+00	2.949540e+00	8.001319e+00	4.991087e-01	4.991087e-01
2.949540e+00	3.442405e+00	8.856496e+00	4.860633e-01	4.860633e-01
3.442405e+00	4.017629e+00	9.462394e+00	4.650512e-01	4.650512e-01
4.017629e+00	4.688971e+00	1.049684e+01	4.533945e-01	4.533945e-01
4.688971e+00	5.472494e+00	1.213199e+01	4.511936e-01	4.511936e-01
5.472494e+00	6.386943e+00	1.469380e+01	4.596303e-01	4.596303e-01
6.386943e+00	7.454196e+00	1.603902e+01	4.445005e-01	4.445005e-01
7.454196e+00	8.699785e+00	1.777484e+01	4.331465e-01	4.331465e-01
8.699785e+00	1.015351e+01	2.000502e+01	4.253501e-01	4.253501e-01
1.015351e+01	1.185016e+01	2.314617e+01	4.235079e-01	4.235079e-01
1.185016e+01	1.383031e+01	2.561545e+01	4.124022e-01	4.124022e-01
1.383031e+01	1.614134e+01	2.888865e+01	4.053973e-01	4.053973e-01
1.614134e+01	1.883854e+01	3.300499e+01	4.011006e-01	4.011006e-01
1.883854e+01	2.198645e+01	3.781827e+01	3.974272e-01	3.974272e-01
2.198645e+01	2.566036e+01	4.383774e+01	3.960775e-01	3.960775e-01
2.566036e+01	2.994819e+01	4.878927e+01	3.867782e-01	3.867782e-01
2.994819e+01	3.495251e+01	5.525762e+01	3.810146e-01	3.810146e-01
3.495251e+01	4.079304e+01	6.493847e+01	3.823351e-01	3.823351e-01
4.079304e+01	4.760952e+01	4.772327e+01	3.033919e-01	3.033919e-01
4.760952e+01	5.556503e+01	2.857359e+00	6.871751e-02	6.871751e-02
5.556503e+01	6.484990e+01	8.170058e-01	3.401240e-02	3.401240e-02
6.484990e+01	7.568627e+01	3.433567e-01	2.041043e-02	2.041043e-02
7.568627e+01	8.833338e+01	1.309826e-01	1.166886e-02	1.166886e-02
8.833338e+01	1.030938e+02	6.502320e-02	7.610389e-03	7.610389e-03
1.030938e+02	1.203207e+02	4.731914e-02	6.009537e-03	6.009537e-03
1.203207e+02	1.404262e+02	1.177082e-02	2.774411e-03	2.774411e-03
1.404262e+02	1.638913e+02	8.405202e-03	2.170214e-03	2.170214e-03
1.638913e+02	1.912774e+02	3.360254e-03	1.270056e-03	1.270056e-03
1.912774e+02	2.232397e+02	2.468652e-03	1.007823e-03	1.007823e-03
2.232397e+02	2.605428e+02	2.467850e-03	9.327597e-04	9.327597e-04
2.605428e+02	3.040793e+02	6.038225e-04	4.269671e-04	4.269671e-04
3.040793e+02	3.548907e+02	2.588958e-04	2.588959e-04	2.588959e-04
3.548907e+02	4.141926e+02	0.000000e+00	0.000000e+00	0.000000e+00
4.141926e+02	4.834039e+02	0.000000e+00	0.000000e+00	0.000000e+00
4.834039e+02	5.641803e+02	0.000000e+00	0.000000e+00	0.000000e+00
5.641803e+02	6.584543e+02	0.000000e+00	0.000000e+00	0.000000e+00
6.584543e+02	7.684814e+02	0.000000e+00	0.000000e+00	0.000000e+00
7.684814e+02	8.968940e+02	0.000000e+00	0.000000e+00	0.000000e+00
8.968940e+02	1.046764e+03	0.000000e+00	0.000000e+00	0.000000e+00
1.046764e+03	1.221678e+03	0.000000e+00	0.000000e+00	0.000000e+00
1.221678e+03	1.425819e+03	0.000000e+00	0.000000e+00	0.000000e+00
1.425819e+03	1.664072e+03	0.000000e+00	0.000000e+00	0.000000e+00
1.664072e+03	1.942137e+03	0.000000e+00	0.000000e+00	0.000000e+00
1.942137e+03	2.266667e+03	0.000000e+00	0.000000e+00	0.000000e+00
# END HISTO1D


# BEGIN HISTO1D //eos/home-c/choij/cms-mg4gpu-integration/genValidation/DY01234j_CPP512Z/merged.yoda.gz/MC_TAUS:ENERGY=13600/tau_pt_2
ErrorBars=1
LineColor=blue
LineStyle=solid
Path=//eos/home-c/choij/cms-mg4gpu-integration/genValidation/DY01234j_CPP512Z/merged.yoda.gz/MC_TAUS:ENERGY=13600/tau_pt_2
ScaledBy=1.00000054421021920e-06
Title=CPP-AVX512
# xlow	 xhigh	 val	 errminus	 errplus
1.000000e+00	1.167099e+00	4.328556e+00	5.836624e-01	5.836624e-01
1.167099e+00	1.362120e+00	3.978569e+00	5.179655e-01	5.179655e-01
1.362120e+00	1.589730e+00	4.737881e+00	5.232115e-01	5.232115e-01
1.589730e+00	1.855372e+00	4.257535e+00	4.591018e-01	4.591018e-01
1.855372e+00	2.165403e+00	5.726556e+00	4.928635e-01	4.928635e-01
2.165403e+00	2.527240e+00	6.287663e+00	4.780423e-01	4.780423e-01
2.527240e+00	2.949540e+00	7.691849e+00	4.894207e-01	4.894207e-01
2.949540e+00	3.442405e+00	8.885354e+00	4.869145e-01	4.869145e-01
3.442405e+00	4.017629e+00	9.853619e+00	4.746321e-01	4.746321e-01
4.017629e+00	4.688971e+00	1.071529e+01	4.581528e-01	4.581528e-01
4.688971e+00	5.472494e+00	1.127908e+01	4.351002e-01	4.351002e-01
5.472494e+00	6.386943e+00	1.407928e+01	4.499758e-01	4.499758e-01
6.386943e+00	7.454196e+00	1.530426e+01	4.342615e-01	4.342615e-01
7.454196e+00	8.699785e+00	1.848714e+01	4.418010e-01	4.418010e-01
8.699785e+00	1.015351e+01	1.963071e+01	4.214113e-01	4.214113e-01
1.015351e+01	1.185016e+01	2.189694e+01	4.119782e-01	4.119782e-01
1.185016e+01	1.383031e+01	2.489870e+01	4.066482e-01	4.066482e-01
1.383031e+01	1.614134e+01	2.977862e+01	4.116511e-01	4.116511e-01
1.614134e+01	1.883854e+01	3.340895e+01	4.036029e-01	4.036029e-01
1.883854e+01	2.198645e+01	3.774130e+01	3.970790e-01	3.970790e-01
2.198645e+01	2.566036e+01	4.429357e+01	3.981857e-01	3.981857e-01
2.566036e+01	2.994819e+01	4.919554e+01	3.884397e-01	3.884397e-01
2.994819e+01	3.495251e+01	5.484499e+01	3.796433e-01	3.796433e-01
3.495251e+01	4.079304e+01	6.536623e+01	3.836454e-01	3.836454e-01
4.079304e+01	4.760952e+01	4.746648e+01	3.026168e-01	3.026168e-01
4.760952e+01	5.556503e+01	2.912701e+00	6.938938e-02	6.938938e-02
5.556503e+01	6.484990e+01	8.484142e-01	3.466527e-02	3.466527e-02
6.484990e+01	7.568627e+01	3.446662e-01	2.045218e-02	2.045218e-02
7.568627e+01	8.833338e+01	1.455790e-01	1.230367e-02	1.230367e-02
8.833338e+01	1.030938e+02	7.127582e-02	7.968880e-03	7.968880e-03
1.030938e+02	1.203207e+02	3.435418e-02	5.121220e-03	5.121220e-03
1.203207e+02	1.404262e+02	1.373618e-02	2.997480e-03	2.997480e-03
1.404262e+02	1.638913e+02	6.724851e-03	1.941297e-03	1.941297e-03
1.638913e+02	1.912774e+02	4.802075e-03	1.518549e-03	1.518549e-03
1.912774e+02	2.232397e+02	1.645915e-03	8.229575e-04	8.229575e-04
2.232397e+02	2.605428e+02	7.051749e-04	4.986341e-04	4.986341e-04
2.605428e+02	3.040793e+02	3.021054e-04	3.021053e-04	3.021053e-04
3.040793e+02	3.548907e+02	0.000000e+00	0.000000e+00	0.000000e+00
3.548907e+02	4.141926e+02	0.000000e+00	0.000000e+00	0.000000e+00
4.141926e+02	4.834039e+02	0.000000e+00	0.000000e+00	0.000000e+00
4.834039e+02	5.641803e+02	0.000000e+00	0.000000e+00	0.000000e+00
5.641803e+02	6.584543e+02	0.000000e+00	0.000000e+00	0.000000e+00
6.584543e+02	7.684814e+02	0.000000e+00	0.000000e+00	0.000000e+00
7.684814e+02	8.968940e+02	0.000000e+00	0.000000e+00	0.000000e+00
8.968940e+02	1.046764e+03	0.000000e+00	0.000000e+00	0.000000e+00
1.046764e+03	1.221678e+03	0.000000e+00	0.000000e+00	0.000000e+00
1.221678e+03	1.425819e+03	0.000000e+00	0.000000e+00	0.000000e+00
1.425819e+03	1.664072e+03	0.000000e+00	0.000000e+00	0.000000e+00
1.664072e+03	1.942137e+03	0.000000e+00	0.000000e+00	0.000000e+00
1.942137e+03	2.266667e+03	0.000000e+00	0.000000e+00	0.000000e+00
# END HISTO1D


# BEGIN HISTO1D //eos/home-c/choij/cms-mg4gpu-integration/genValidation/DY01234j_CUDA/merged.yoda.gz/MC_TAUS:ENERGY=13600/tau_pt_2
ErrorBars=1
LineColor=green
LineStyle=solid
Path=//eos/home-c/choij/cms-mg4gpu-integration/genValidation/DY01234j_CUDA/merged.yoda.gz/MC_TAUS:ENERGY=13600/tau_pt_2
ScaledBy=1.00004549403784461e-06
Title=CUDA
# xlow	 xhigh	 val	 errminus	 errplus
1.000000e+00	1.167099e+00	3.474824e+00	5.238494e-01	5.238494e-01
1.167099e+00	1.362120e+00	3.924649e+00	5.153317e-01	5.153317e-01
1.362120e+00	1.589730e+00	4.058456e+00	4.850782e-01	4.850782e-01
1.589730e+00	1.855372e+00	5.315458e+00	5.138648e-01	5.138648e-01
1.855372e+00	2.165403e+00	5.320549e+00	4.758845e-01	4.758845e-01
2.165403e+00	2.527240e+00	7.148172e+00	5.105838e-01	5.105838e-01
2.527240e+00	2.949540e+00	7.155929e+00	4.728772e-01	4.728772e-01
2.949540e+00	3.442405e+00	8.541126e+00	4.782112e-01	4.782112e-01
3.442405e+00	4.017629e+00	9.727037e+00	4.723866e-01	4.723866e-01
4.017629e+00	4.688971e+00	1.022145e+01	4.482403e-01	4.482403e-01
4.688971e+00	5.472494e+00	1.167169e+01	4.433709e-01	4.433709e-01
5.472494e+00	6.386943e+00	1.327641e+01	4.377101e-01	4.377101e-01
6.386943e+00	7.454196e+00	1.440494e+01	4.220352e-01	4.220352e-01
7.454196e+00	8.699785e+00	1.807408e+01	4.375894e-01	4.375894e-01
8.699785e+00	1.015351e+01	2.040638e+01	4.303955e-01	4.303955e-01
1.015351e+01	1.185016e+01	2.312357e+01	4.240893e-01	4.240893e-01
1.185016e+01	1.383031e+01	2.578416e+01	4.145277e-01	4.145277e-01
1.383031e+01	1.614134e+01	2.852786e+01	4.036063e-01	4.036063e-01
1.614134e+01	1.883854e+01	3.367081e+01	4.058787e-01	4.058787e-01
1.883854e+01	2.198645e+01	3.779584e+01	3.980494e-01	3.980494e-01
2.198645e+01	2.566036e+01	4.382832e+01	3.967702e-01	3.967702e-01
2.566036e+01	2.994819e+01	4.890024e+01	3.879386e-01	3.879386e-01
2.994819e+01	3.495251e+01	5.494153e+01	3.806308e-01	3.806308e-01
3.495251e+01	4.079304e+01	6.475090e+01	3.824924e-01	3.824924e-01
4.079304e+01	4.760952e+01	4.725244e+01	3.024532e-01	3.024532e-01
4.760952e+01	5.556503e+01	2.927716e+00	6.968779e-02	6.968779e-02
5.556503e+01	6.484990e+01	7.731705e-01	3.314941e-02	3.314941e-02
6.484990e+01	7.568627e+01	3.531558e-01	2.073802e-02	2.073802e-02
7.568627e+01	8.833338e+01	1.408620e-01	1.212347e-02	1.212347e-02
8.833338e+01	1.030938e+02	7.778078e-02	8.338977e-03	8.338977e-03
1.030938e+02	1.203207e+02	3.217338e-02	4.964460e-03	4.964460e-03
1.203207e+02	1.404262e+02	1.181426e-02	2.784648e-03	2.784648e-03
1.404262e+02	1.638913e+02	4.499090e-03	1.590668e-03	1.590668e-03
1.638913e+02	1.912774e+02	3.373018e-03	1.274881e-03	1.274881e-03
1.912774e+02	2.232397e+02	2.064345e-03	9.232029e-04	9.232029e-04
2.232397e+02	2.605428e+02	7.075015e-04	5.002792e-04	5.002792e-04
2.605428e+02	3.040793e+02	3.031158e-04	3.031157e-04	3.031157e-04
3.040793e+02	3.548907e+02	2.597055e-04	2.597055e-04	2.597055e-04
3.548907e+02	4.141926e+02	0.000000e+00	0.000000e+00	0.000000e+00
4.141926e+02	4.834039e+02	0.000000e+00	0.000000e+00	0.000000e+00
4.834039e+02	5.641803e+02	0.000000e+00	0.000000e+00	0.000000e+00
5.641803e+02	6.584543e+02	0.000000e+00	0.000000e+00	0.000000e+00
6.584543e+02	7.684814e+02	0.000000e+00	0.000000e+00	0.000000e+00
7.684814e+02	8.968940e+02	0.000000e+00	0.000000e+00	0.000000e+00
8.968940e+02	1.046764e+03	0.000000e+00	0.000000e+00	0.000000e+00
1.046764e+03	1.221678e+03	0.000000e+00	0.000000e+00	0.000000e+00
1.221678e+03	1.425819e+03	0.000000e+00	0.000000e+00	0.000000e+00
1.425819e+03	1.664072e+03	0.000000e+00	0.000000e+00	0.000000e+00
1.664072e+03	1.942137e+03	0.000000e+00	0.000000e+00	0.000000e+00
1.942137e+03	2.266667e+03	0.000000e+00	0.000000e+00	0.000000e+00
# END HISTO1D

