# BEGIN PLOT
Legend=1
LogY=1
Title=Pseudorapidity separation between taus
LegendXPos=0.1
XLabel=$\Delta\phi(\tau\mathrm{1,~}\tau\mathrm{2})$
YLabel=$\mathrm{d}\sigma/\mathrm{d}\Delta\phi(\tau\mathrm{1,~}\tau\mathrm{2})$ [pb]
DrawOnly=//eos/home-c/choij/cms-mg4gpu-integration/genValidation/DY01234j_UPSTREAM/merged.yoda.gz/MC_TAUS:ENERGY=13600/taus_dphi_12 //eos/home-c/choij/cms-mg4gpu-integration/genValidation/DY01234j_CPP512Z/merged.yoda.gz/MC_TAUS:ENERGY=13600/taus_dphi_12 //eos/home-c/choij/cms-mg4gpu-integration/genValidation/DY01234j_CUDA/merged.yoda.gz/MC_TAUS:ENERGY=13600/taus_dphi_12
LegendOnly=//eos/home-c/choij/cms-mg4gpu-integration/genValidation/DY01234j_UPSTREAM/merged.yoda.gz/MC_TAUS:ENERGY=13600/taus_dphi_12 //eos/home-c/choij/cms-mg4gpu-integration/genValidation/DY01234j_CPP512Z/merged.yoda.gz/MC_TAUS:ENERGY=13600/taus_dphi_12 //eos/home-c/choij/cms-mg4gpu-integration/genValidation/DY01234j_CUDA/merged.yoda.gz/MC_TAUS:ENERGY=13600/taus_dphi_12
RatioPlot=1
RatioPlotReference=//eos/home-c/choij/cms-mg4gpu-integration/genValidation/DY01234j_UPSTREAM/merged.yoda.gz/MC_TAUS:ENERGY=13600/taus_dphi_12
RatioPlotYLabel=Ratio
# END PLOT

# BEGIN HISTO1D //eos/home-c/choij/cms-mg4gpu-integration/genValidation/DY01234j_UPSTREAM/merged.yoda.gz/MC_TAUS:ENERGY=13600/taus_dphi_12
ErrorBars=1
LineColor=red
LineStyle=solid
Path=//eos/home-c/choij/cms-mg4gpu-integration/genValidation/DY01234j_UPSTREAM/merged.yoda.gz/MC_TAUS:ENERGY=13600/taus_dphi_12
ScaledBy=1.00001996714958461e-06
Title=MG362
# xlow	 xhigh	 val	 errminus	 errplus
0.000000e+00	1.256637e-01	3.588550e+01	1.937635e+00	1.937635e+00
1.256637e-01	2.513274e-01	3.316605e+01	1.862791e+00	1.862791e+00
2.513274e-01	3.769911e-01	3.515327e+01	1.917768e+00	1.917768e+00
3.769911e-01	5.026548e-01	3.745499e+01	1.979558e+00	1.979558e+00
5.026548e-01	6.283185e-01	3.996665e+01	2.044872e+00	2.044872e+00
6.283185e-01	7.539822e-01	4.216403e+01	2.100340e+00	2.100340e+00
7.539822e-01	8.796459e-01	4.456960e+01	2.159404e+00	2.159404e+00
8.796459e-01	1.005310e+00	4.770866e+01	2.234163e+00	2.234163e+00
1.005310e+00	1.130973e+00	6.015776e+01	2.508753e+00	2.508753e+00
1.130973e+00	1.256637e+00	6.947049e+01	2.695978e+00	2.695978e+00
1.256637e+00	1.382301e+00	7.731620e+01	2.844123e+00	2.844123e+00
1.382301e+00	1.507964e+00	8.778145e+01	3.030551e+00	3.030551e+00
1.507964e+00	1.633628e+00	1.024262e+02	3.273554e+00	3.273554e+00
1.633628e+00	1.759292e+00	1.299406e+02	3.687092e+00	3.687092e+00
1.759292e+00	1.884956e+00	1.479355e+02	3.934123e+00	3.934123e+00
1.884956e+00	2.010619e+00	1.874863e+02	4.428948e+00	4.428948e+00
2.010619e+00	2.136283e+00	2.268213e+02	4.871405e+00	4.871405e+00
2.136283e+00	2.261947e+00	2.927358e+02	5.534163e+00	5.534163e+00
2.261947e+00	2.387610e+00	3.849082e+02	6.345887e+00	6.345887e+00
2.387610e+00	2.513274e+00	5.107707e+02	7.310165e+00	7.310165e+00
2.513274e+00	2.638938e+00	7.011826e+02	8.565030e+00	8.565030e+00
2.638938e+00	2.764602e+00	1.025825e+03	1.035976e+01	1.035976e+01
2.764602e+00	2.890265e+00	1.608583e+03	1.297287e+01	1.297287e+01
2.890265e+00	3.015929e+00	2.932591e+03	1.751620e+01	1.751620e+01
3.015929e+00	3.141593e+00	6.059450e+03	2.517852e+01	2.517852e+01
# END HISTO1D


# BEGIN HISTO1D //eos/home-c/choij/cms-mg4gpu-integration/genValidation/DY01234j_CPP512Z/merged.yoda.gz/MC_TAUS:ENERGY=13600/taus_dphi_12
ErrorBars=1
LineColor=blue
LineStyle=solid
Path=//eos/home-c/choij/cms-mg4gpu-integration/genValidation/DY01234j_CPP512Z/merged.yoda.gz/MC_TAUS:ENERGY=13600/taus_dphi_12
ScaledBy=1.00000054421021920e-06
Title=CPP-AVX512
# xlow	 xhigh	 val	 errminus	 errplus
0.000000e+00	1.256637e-01	3.338441e+01	1.869168e+00	1.869168e+00
1.256637e-01	2.513274e-01	3.212794e+01	1.833638e+00	1.833638e+00
2.513274e-01	3.769911e-01	3.547707e+01	1.926850e+00	1.926850e+00
3.769911e-01	5.026548e-01	4.039591e+01	2.056097e+00	2.056097e+00
5.026548e-01	6.283185e-01	4.050031e+01	2.058746e+00	2.058746e+00
6.283185e-01	7.539822e-01	4.845399e+01	2.251848e+00	2.251848e+00
7.539822e-01	8.796459e-01	4.908229e+01	2.266410e+00	2.266410e+00
8.796459e-01	1.005310e+00	5.452371e+01	2.388727e+00	2.388727e+00
1.005310e+00	1.130973e+00	6.007053e+01	2.507295e+00	2.507295e+00
1.130973e+00	1.256637e+00	6.614064e+01	2.630934e+00	2.630934e+00
1.256637e+00	1.382301e+00	7.618709e+01	2.823682e+00	2.823682e+00
1.382301e+00	1.507964e+00	9.062906e+01	3.079702e+00	3.079702e+00
1.507964e+00	1.633628e+00	1.047569e+02	3.311048e+00	3.311048e+00
1.633628e+00	1.759292e+00	1.228615e+02	3.585765e+00	3.585765e+00
1.759292e+00	1.884956e+00	1.556170e+02	4.035540e+00	4.035540e+00
1.884956e+00	2.010619e+00	1.832479e+02	4.379211e+00	4.379211e+00
2.010619e+00	2.136283e+00	2.290834e+02	4.896330e+00	4.896330e+00
2.136283e+00	2.261947e+00	2.944913e+02	5.551499e+00	5.551499e+00
2.261947e+00	2.387610e+00	3.817740e+02	6.320899e+00	6.320899e+00
2.387610e+00	2.513274e+00	4.864251e+02	7.134820e+00	7.134820e+00
2.513274e+00	2.638938e+00	6.872515e+02	8.480710e+00	8.480710e+00
2.638938e+00	2.764602e+00	1.019415e+03	1.032879e+01	1.032879e+01
2.764602e+00	2.890265e+00	1.643785e+03	1.311591e+01	1.311591e+01
2.890265e+00	3.015929e+00	2.933921e+03	1.752258e+01	1.752258e+01
3.015929e+00	3.141593e+00	6.057055e+03	2.517705e+01	2.517705e+01
# END HISTO1D


# BEGIN HISTO1D //eos/home-c/choij/cms-mg4gpu-integration/genValidation/DY01234j_CUDA/merged.yoda.gz/MC_TAUS:ENERGY=13600/taus_dphi_12
ErrorBars=1
LineColor=green
LineStyle=solid
Path=//eos/home-c/choij/cms-mg4gpu-integration/genValidation/DY01234j_CUDA/merged.yoda.gz/MC_TAUS:ENERGY=13600/taus_dphi_12
ScaledBy=1.00004549403784461e-06
Title=CUDA
# xlow	 xhigh	 val	 errminus	 errplus
0.000000e+00	1.256637e-01	3.517931e+01	1.922051e+00	1.922051e+00
1.256637e-01	2.513274e-01	3.234394e+01	1.842967e+00	1.842967e+00
2.513274e-01	3.769911e-01	3.927479e+01	2.030851e+00	2.030851e+00
3.769911e-01	5.026548e-01	3.832967e+01	2.006267e+00	2.006267e+00
5.026548e-01	6.283185e-01	4.263519e+01	2.115949e+00	2.115949e+00
6.283185e-01	7.539822e-01	4.442057e+01	2.159802e+00	2.159802e+00
7.539822e-01	8.796459e-01	4.872594e+01	2.262045e+00	2.262045e+00
8.796459e-01	1.005310e+00	5.460653e+01	2.394655e+00	2.394655e+00
1.005310e+00	1.130973e+00	5.901764e+01	2.489509e+00	2.489509e+00
1.130973e+00	1.256637e+00	6.941332e+01	2.699865e+00	2.699865e+00
1.256637e+00	1.382301e+00	7.623923e+01	2.829504e+00	2.829504e+00
1.382301e+00	1.507964e+00	8.842133e+01	3.047202e+00	3.047202e+00
1.507964e+00	1.633628e+00	1.046974e+02	3.315802e+00	3.315802e+00
1.633628e+00	1.759292e+00	1.263302e+02	3.642288e+00	3.642288e+00
1.759292e+00	1.884956e+00	1.520583e+02	3.996004e+00	3.996004e+00
1.884956e+00	2.010619e+00	1.818831e+02	4.370373e+00	4.370373e+00
2.010619e+00	2.136283e+00	2.294526e+02	4.908707e+00	4.908707e+00
2.136283e+00	2.261947e+00	3.020164e+02	5.631655e+00	5.631655e+00
2.261947e+00	2.387610e+00	3.808836e+02	6.324389e+00	6.324389e+00
2.387610e+00	2.513274e+00	4.957643e+02	7.215366e+00	7.215366e+00
2.513274e+00	2.638938e+00	6.889875e+02	8.506019e+00	8.506019e+00
2.638938e+00	2.764602e+00	1.009591e+03	1.029659e+01	1.029659e+01
2.764602e+00	2.890265e+00	1.618045e+03	1.303520e+01	1.303520e+01
2.890265e+00	3.015929e+00	2.916725e+03	1.750122e+01	1.750122e+01
3.015929e+00	3.141593e+00	6.030558e+03	2.516514e+01	2.516514e+01
# END HISTO1D

