# BEGIN PLOT
Legend=1
LogY=1
Title=Transverse momentum of leading tau
XLabel=$p_\perp(\tau\mathrm{1})$ [GeV]
YLabel=$\mathrm{d}\sigma/\mathrm{d}p_\perp(\tau\mathrm{1})$ [pb/GeV]
LogX=1
LegendXPos=0.05
LegendYPos=0.5
XMin=20.0
RemoveOptions=1
DrawOnly=//data9/Users/choij/cms-mg4gpu-integration/genValidation/DY01234j_13TeV_MG2918/merged.yoda.gz/MC_TAUS:ENERGY=13000/tau_pt_1 //data9/Users/choij/cms-mg4gpu-integration/genValidation/DY01234j_13TeV_MG356/merged.yoda.gz/MC_TAUS:ENERGY=13000/tau_pt_1 //data9/Users/choij/cms-mg4gpu-integration/genValidation/DY01234j_13p6TeV_MG356_noPrimodialKT/merged.yoda.gz/MC_TAUS:ENERGY=13000/tau_pt_1 //data9/Users/choij/cms-mg4gpu-integration/genValidation/DY01234j_13p6TeV_MG356/merged.yoda.gz/MC_TAUS:ENERGY=13000/tau_pt_1
LegendOnly=//data9/Users/choij/cms-mg4gpu-integration/genValidation/DY01234j_13TeV_MG2918/merged.yoda.gz/MC_TAUS:ENERGY=13000/tau_pt_1 //data9/Users/choij/cms-mg4gpu-integration/genValidation/DY01234j_13TeV_MG356/merged.yoda.gz/MC_TAUS:ENERGY=13000/tau_pt_1 //data9/Users/choij/cms-mg4gpu-integration/genValidation/DY01234j_13p6TeV_MG356_noPrimodialKT/merged.yoda.gz/MC_TAUS:ENERGY=13000/tau_pt_1 //data9/Users/choij/cms-mg4gpu-integration/genValidation/DY01234j_13p6TeV_MG356/merged.yoda.gz/MC_TAUS:ENERGY=13000/tau_pt_1
RatioPlot=1
RatioPlotReference=//data9/Users/choij/cms-mg4gpu-integration/genValidation/DY01234j_13TeV_MG2918/merged.yoda.gz/MC_TAUS:ENERGY=13000/tau_pt_1
RatioPlotYLabel=Ratio
# END PLOT

# BEGIN HISTO1D //data9/Users/choij/cms-mg4gpu-integration/genValidation/DY01234j_13TeV_MG2918/merged.yoda.gz/MC_TAUS:ENERGY=13000/tau_pt_1
ErrorBars=1
LineColor=red
LineStyle=solid
Path=//data9/Users/choij/cms-mg4gpu-integration/genValidation/DY01234j_13TeV_MG2918/merged.yoda.gz/MC_TAUS:ENERGY=13000/tau_pt_1
ScaledBy=1.00001639083033487e-06
Title=MG2918_13TeV
# xlow	 xhigh	 val	 errminus	 errplus
1.000000e+00	1.084224e+00	1.120004e+01	1.284734e+00	1.284734e+00
1.084224e+00	1.175541e+00	9.648311e+00	1.145045e+00	1.145045e+00
1.175541e+00	1.274549e+00	1.065635e+01	1.155844e+00	1.155844e+00
1.274549e+00	1.381896e+00	1.052011e+01	1.102807e+00	1.102807e+00
1.381896e+00	1.498284e+00	1.130369e+01	1.097913e+00	1.097913e+00
1.498284e+00	1.624475e+00	1.052356e+01	1.017352e+00	1.017352e+00
1.624475e+00	1.761294e+00	9.707701e+00	9.384795e-01	9.384795e-01
1.761294e+00	1.909636e+00	1.104557e+01	9.613938e-01	9.613938e-01
1.909636e+00	2.070473e+00	9.260637e+00	8.453775e-01	8.453775e-01
2.070473e+00	2.244855e+00	9.183287e+00	8.085439e-01	8.085439e-01
2.244855e+00	2.433925e+00	8.598715e+00	7.512736e-01	7.512736e-01
2.433925e+00	2.638919e+00	7.567417e+00	6.768508e-01	6.768508e-01
2.638919e+00	2.861178e+00	6.645738e+00	6.092140e-01	6.092140e-01
2.861178e+00	3.102156e+00	8.086207e+00	6.453501e-01	6.453501e-01
3.102156e+00	3.363431e+00	6.840823e+00	5.700690e-01	5.700690e-01
3.363431e+00	3.646711e+00	5.213637e+00	4.779336e-01	4.779336e-01
3.646711e+00	3.953850e+00	5.818984e+00	4.849157e-01	4.849157e-01
3.953850e+00	4.286857e+00	5.330281e+00	4.457409e-01	4.457409e-01
4.286857e+00	4.647911e+00	4.056390e+00	3.734212e-01	3.734212e-01
4.647911e+00	5.039375e+00	4.534210e+00	3.791700e-01	3.791700e-01
5.039375e+00	5.463809e+00	4.326993e+00	3.556768e-01	3.556768e-01
5.463809e+00	5.923990e+00	4.638940e+00	3.537160e-01	3.537160e-01
5.923990e+00	6.422930e+00	4.950730e+00	3.509481e-01	3.509481e-01
6.422930e+00	6.963892e+00	4.015179e+00	3.035191e-01	3.035191e-01
6.963892e+00	7.550415e+00	5.374759e+00	3.372427e-01	3.372427e-01
7.550415e+00	8.186338e+00	5.093601e+00	3.152862e-01	3.152862e-01
8.186338e+00	8.875820e+00	6.139083e+00	3.324501e-01	3.324501e-01
8.875820e+00	9.623373e+00	6.658084e+00	3.324891e-01	3.324891e-01
9.623373e+00	1.043389e+01	7.641471e+00	3.420795e-01	3.420795e-01
1.043389e+01	1.131267e+01	8.728376e+00	3.511070e-01	3.511070e-01
1.131267e+01	1.226546e+01	9.314871e+00	3.483566e-01	3.483566e-01
1.226546e+01	1.329850e+01	1.048838e+01	3.549782e-01	3.549782e-01
1.329850e+01	1.441855e+01	1.156945e+01	3.580657e-01	3.580657e-01
1.441855e+01	1.563293e+01	1.369565e+01	3.741369e-01	3.741369e-01
1.563293e+01	1.694959e+01	1.482826e+01	3.738747e-01	3.738747e-01
1.694959e+01	1.837714e+01	1.645893e+01	3.782915e-01	3.782915e-01
1.837714e+01	1.992493e+01	1.852442e+01	3.854241e-01	3.854241e-01
1.992493e+01	2.160308e+01	2.091642e+01	3.933217e-01	3.933217e-01
2.160308e+01	2.342257e+01	2.360204e+01	4.012470e-01	4.012470e-01
2.342257e+01	2.539530e+01	2.576389e+01	4.026101e-01	4.026101e-01
2.539530e+01	2.753418e+01	2.913596e+01	4.111825e-01	4.111825e-01
2.753418e+01	2.985321e+01	3.157810e+01	4.111120e-01	4.111120e-01
2.985321e+01	3.236755e+01	3.414015e+01	4.105237e-01	4.105237e-01
3.236755e+01	3.509366e+01	3.648762e+01	4.075878e-01	4.075878e-01
3.509366e+01	3.804937e+01	4.201742e+01	4.200486e-01	4.200486e-01
3.804937e+01	4.125403e+01	4.735938e+01	4.282807e-01	4.282807e-01
4.125403e+01	4.472859e+01	5.974359e+01	4.619645e-01	4.619645e-01
4.472859e+01	4.849579e+01	6.829656e+01	4.743621e-01	4.743621e-01
4.849579e+01	5.258027e+01	3.377921e+01	3.203875e-01	3.203875e-01
5.258027e+01	5.700877e+01	1.738216e+01	2.207182e-01	2.207182e-01
5.700877e+01	6.181025e+01	9.995930e+00	1.607446e-01	1.607446e-01
6.181025e+01	6.701613e+01	6.277571e+00	1.223394e-01	1.223394e-01
6.701613e+01	7.266047e+01	4.149245e+00	9.551762e-02	9.551762e-02
7.266047e+01	7.878019e+01	2.606304e+00	7.270658e-02	7.270658e-02
7.878019e+01	8.541534e+01	1.702263e+00	5.642948e-02	5.642948e-02
8.541534e+01	9.260932e+01	1.186974e+00	4.525299e-02	4.525299e-02
9.260932e+01	1.004092e+02	8.052487e-01	3.579769e-02	3.579769e-02
1.004092e+02	1.088660e+02	5.313157e-01	2.792535e-02	2.792535e-02
1.088660e+02	1.180351e+02	3.925559e-01	2.305169e-02	2.305169e-02
1.180351e+02	1.279764e+02	2.559609e-01	1.787709e-02	1.787709e-02
1.279764e+02	1.387551e+02	1.738837e-01	1.415046e-02	1.415046e-02
1.387551e+02	1.504415e+02	1.242637e-01	1.148819e-02	1.148819e-02
1.504415e+02	1.631122e+02	8.619666e-02	9.188603e-03	9.188603e-03
1.631122e+02	1.768501e+02	5.510227e-02	7.055128e-03	7.055128e-03
1.768501e+02	1.917451e+02	4.000075e-02	5.773616e-03	5.773616e-03
1.917451e+02	2.078945e+02	3.382105e-02	5.098717e-03	5.098717e-03
2.078945e+02	2.254041e+02	1.842704e-02	3.613843e-03	3.613843e-03
2.254041e+02	2.443885e+02	1.699856e-02	3.333694e-03	3.333694e-03
2.443885e+02	2.649717e+02	4.824314e-03	1.705653e-03	1.705653e-03
2.649717e+02	2.872886e+02	6.673221e-03	1.926394e-03	1.926394e-03
2.872886e+02	3.114850e+02	2.563969e-03	1.146642e-03	1.146642e-03
3.114850e+02	3.377194e+02	1.892870e-03	9.464352e-04	9.464352e-04
3.377194e+02	3.661633e+02	3.051590e-03	1.153393e-03	1.153393e-03
3.661633e+02	3.970029e+02	1.610696e-03	8.053481e-04	8.053481e-04
3.970029e+02	4.304399e+02	7.420794e-04	5.247294e-04	5.247294e-04
4.304399e+02	4.666931e+02	6.847233e-04	4.841728e-04	4.841728e-04
4.666931e+02	5.059996e+02	0.000000e+00	0.000000e+00	0.000000e+00
5.059996e+02	5.486167e+02	5.825856e-04	4.119507e-04	4.119507e-04
5.486167e+02	5.948231e+02	0.000000e+00	0.000000e+00	0.000000e+00
5.948231e+02	6.449213e+02	0.000000e+00	0.000000e+00	0.000000e+00
6.449213e+02	6.992388e+02	0.000000e+00	0.000000e+00	0.000000e+00
6.992388e+02	7.581312e+02	0.000000e+00	0.000000e+00	0.000000e+00
7.581312e+02	8.219837e+02	0.000000e+00	0.000000e+00	0.000000e+00
8.219837e+02	8.912140e+02	1.797248e-04	1.797248e-04	1.797248e-04
8.912140e+02	9.662753e+02	0.000000e+00	0.000000e+00	0.000000e+00
9.662753e+02	1.047658e+03	0.000000e+00	0.000000e+00	0.000000e+00
1.047658e+03	1.135896e+03	0.000000e+00	0.000000e+00	0.000000e+00
1.135896e+03	1.231565e+03	0.000000e+00	0.000000e+00	0.000000e+00
1.231565e+03	1.335292e+03	0.000000e+00	0.000000e+00	0.000000e+00
1.335292e+03	1.447755e+03	0.000000e+00	0.000000e+00	0.000000e+00
1.447755e+03	1.569690e+03	0.000000e+00	0.000000e+00	0.000000e+00
1.569690e+03	1.701895e+03	0.000000e+00	0.000000e+00	0.000000e+00
1.701895e+03	1.845234e+03	0.000000e+00	0.000000e+00	0.000000e+00
1.845234e+03	2.000647e+03	0.000000e+00	0.000000e+00	0.000000e+00
2.000647e+03	2.169148e+03	0.000000e+00	0.000000e+00	0.000000e+00
2.169148e+03	2.351841e+03	0.000000e+00	0.000000e+00	0.000000e+00
2.351841e+03	2.549922e+03	0.000000e+00	0.000000e+00	0.000000e+00
2.549922e+03	2.764685e+03	0.000000e+00	0.000000e+00	0.000000e+00
2.764685e+03	2.997537e+03	0.000000e+00	0.000000e+00	0.000000e+00
2.997537e+03	3.250000e+03	0.000000e+00	0.000000e+00	0.000000e+00
# END HISTO1D


# BEGIN HISTO1D //data9/Users/choij/cms-mg4gpu-integration/genValidation/DY01234j_13TeV_MG356/merged.yoda.gz/MC_TAUS:ENERGY=13000/tau_pt_1
ErrorBars=1
LineColor=blue
LineStyle=solid
Path=//data9/Users/choij/cms-mg4gpu-integration/genValidation/DY01234j_13TeV_MG356/merged.yoda.gz/MC_TAUS:ENERGY=13000/tau_pt_1
ScaledBy=1.00000391479478877e-06
Title=MG356_13TeV
# xlow	 xhigh	 val	 errminus	 errplus
1.000000e+00	1.084224e+00	1.164256e+01	1.309891e+00	1.309891e+00
1.084224e+00	1.175541e+00	1.128150e+01	1.238307e+00	1.238307e+00
1.175541e+00	1.274549e+00	1.140714e+01	1.195793e+00	1.195793e+00
1.274549e+00	1.381896e+00	1.248771e+01	1.201631e+00	1.201631e+00
1.381896e+00	1.498284e+00	1.002388e+01	1.033885e+00	1.033885e+00
1.498284e+00	1.624475e+00	8.556292e+00	9.173315e-01	9.173315e-01
1.624475e+00	1.761294e+00	1.052108e+01	9.768579e-01	9.768579e-01
1.761294e+00	1.909636e+00	9.369942e+00	8.853768e-01	8.853768e-01
1.909636e+00	2.070473e+00	1.026351e+01	8.899594e-01	8.899594e-01
2.070473e+00	2.244855e+00	8.754155e+00	7.893360e-01	7.893360e-01
2.244855e+00	2.433925e+00	8.467382e+00	7.455117e-01	7.455117e-01
2.433925e+00	2.638919e+00	7.749866e+00	6.849982e-01	6.849982e-01
2.638919e+00	2.861178e+00	7.930469e+00	6.655104e-01	6.655104e-01
2.861178e+00	3.102156e+00	6.283275e+00	5.688614e-01	5.688614e-01
3.102156e+00	3.363431e+00	6.126629e+00	5.394200e-01	5.394200e-01
3.363431e+00	3.646711e+00	6.220820e+00	5.220399e-01	5.220399e-01
3.646711e+00	3.953850e+00	5.535764e+00	4.729526e-01	4.729526e-01
3.953850e+00	4.286857e+00	5.180200e+00	4.393791e-01	4.393791e-01
4.286857e+00	4.647911e+00	4.330662e+00	3.858062e-01	3.858062e-01
4.647911e+00	5.039375e+00	4.374931e+00	3.724190e-01	3.724190e-01
5.039375e+00	5.463809e+00	4.503320e+00	3.628880e-01	3.628880e-01
5.463809e+00	5.923990e+00	4.665944e+00	3.547453e-01	3.547453e-01
5.923990e+00	6.422930e+00	4.975039e+00	3.517886e-01	3.517886e-01
6.422930e+00	6.963892e+00	4.359521e+00	3.162730e-01	3.162730e-01
6.963892e+00	7.550415e+00	5.416485e+00	3.385304e-01	3.385304e-01
7.550415e+00	8.186338e+00	5.561853e+00	3.294559e-01	3.294559e-01
8.186338e+00	8.875820e+00	6.696671e+00	3.472063e-01	3.472063e-01
8.875820e+00	9.623373e+00	6.657889e+00	3.324793e-01	3.324793e-01
9.623373e+00	1.043389e+01	7.701425e+00	3.433897e-01	3.433897e-01
1.043389e+01	1.131267e+01	8.798690e+00	3.525122e-01	3.525122e-01
1.131267e+01	1.226546e+01	9.651734e+00	3.545655e-01	3.545655e-01
1.226546e+01	1.329850e+01	1.057206e+01	3.563841e-01	3.563841e-01
1.329850e+01	1.441855e+01	1.156892e+01	3.580492e-01	3.580492e-01
1.441855e+01	1.563293e+01	1.370499e+01	3.742525e-01	3.742525e-01
1.563293e+01	1.694959e+01	1.499591e+01	3.759568e-01	3.759568e-01
1.694959e+01	1.837714e+01	1.671799e+01	3.812365e-01	3.812365e-01
1.837714e+01	1.992493e+01	1.850645e+01	3.852169e-01	3.852169e-01
1.992493e+01	2.160308e+01	2.037478e+01	3.881792e-01	3.881792e-01
2.160308e+01	2.342257e+01	2.302075e+01	3.962623e-01	3.962623e-01
2.342257e+01	2.539530e+01	2.623364e+01	4.062474e-01	4.062474e-01
2.539530e+01	2.753418e+01	2.897232e+01	4.100178e-01	4.100178e-01
2.753418e+01	2.985321e+01	3.150572e+01	4.106223e-01	4.106223e-01
2.985321e+01	3.236755e+01	3.416732e+01	4.106722e-01	4.106722e-01
3.236755e+01	3.509366e+01	3.733562e+01	4.122779e-01	4.122779e-01
3.509366e+01	3.804937e+01	4.171603e+01	4.185230e-01	4.185230e-01
3.804937e+01	4.125403e+01	4.674758e+01	4.254884e-01	4.254884e-01
4.125403e+01	4.472859e+01	5.984136e+01	4.623336e-01	4.623336e-01
4.472859e+01	4.849579e+01	6.866275e+01	4.756108e-01	4.756108e-01
4.849579e+01	5.258027e+01	3.345483e+01	3.188347e-01	3.188347e-01
5.258027e+01	5.700877e+01	1.766949e+01	2.225265e-01	2.225265e-01
5.700877e+01	6.181025e+01	9.912560e+00	1.600676e-01	1.600676e-01
6.181025e+01	6.701613e+01	6.122212e+00	1.208123e-01	1.208123e-01
6.701613e+01	7.266047e+01	3.891947e+00	9.250826e-02	9.250826e-02
7.266047e+01	7.878019e+01	2.531028e+00	7.164566e-02	7.164566e-02
7.878019e+01	8.541534e+01	1.782498e+00	5.774081e-02	5.774081e-02
8.541534e+01	9.260932e+01	1.247209e+00	4.638422e-02	4.638422e-02
9.260932e+01	1.004092e+02	8.591892e-01	3.697364e-02	3.697364e-02
1.004092e+02	1.088660e+02	5.693958e-01	2.890670e-02	2.890670e-02
1.088660e+02	1.180351e+02	3.478636e-01	2.169915e-02	2.169915e-02
1.180351e+02	1.279764e+02	2.621909e-01	1.809290e-02	1.809290e-02
1.279764e+02	1.387551e+02	2.015139e-01	1.523303e-02	1.523303e-02
1.387551e+02	1.504415e+02	1.232042e-01	1.143923e-02	1.143923e-02
1.504415e+02	1.631122e+02	8.815859e-02	9.292737e-03	9.292737e-03
1.631122e+02	1.768501e+02	6.414544e-02	7.612668e-03	7.612668e-03
1.768501e+02	1.917451e+02	3.248700e-02	5.202085e-03	5.202085e-03
1.917451e+02	2.078945e+02	3.228138e-02	4.981128e-03	4.981128e-03
2.078945e+02	2.254041e+02	2.055970e-02	3.817843e-03	3.817843e-03
2.254041e+02	2.443885e+02	1.046175e-02	2.615439e-03	2.615439e-03
2.443885e+02	2.649717e+02	9.046829e-03	2.335882e-03	2.335882e-03
2.649717e+02	2.872886e+02	5.561565e-03	1.758722e-03	1.758722e-03
2.872886e+02	3.114850e+02	3.590114e-03	1.356936e-03	1.356936e-03
3.114850e+02	3.377194e+02	1.891406e-03	9.457030e-04	9.457030e-04
3.377194e+02	3.661633e+02	2.182047e-03	9.758417e-04	9.758417e-04
3.661633e+02	3.970029e+02	4.029024e-04	4.029024e-04	4.029024e-04
3.970029e+02	4.304399e+02	7.421898e-04	5.248073e-04	5.248073e-04
4.304399e+02	4.666931e+02	0.000000e+00	0.000000e+00	0.000000e+00
4.666931e+02	5.059996e+02	0.000000e+00	0.000000e+00	0.000000e+00
5.059996e+02	5.486167e+02	8.746313e-04	5.049686e-04	5.049686e-04
5.486167e+02	5.948231e+02	0.000000e+00	0.000000e+00	0.000000e+00
5.948231e+02	6.449213e+02	0.000000e+00	0.000000e+00	0.000000e+00
6.449213e+02	6.992388e+02	0.000000e+00	0.000000e+00	0.000000e+00
6.992388e+02	7.581312e+02	0.000000e+00	0.000000e+00	0.000000e+00
7.581312e+02	8.219837e+02	0.000000e+00	0.000000e+00	0.000000e+00
8.219837e+02	8.912140e+02	0.000000e+00	0.000000e+00	0.000000e+00
8.912140e+02	9.662753e+02	0.000000e+00	0.000000e+00	0.000000e+00
9.662753e+02	1.047658e+03	0.000000e+00	0.000000e+00	0.000000e+00
1.047658e+03	1.135896e+03	0.000000e+00	0.000000e+00	0.000000e+00
1.135896e+03	1.231565e+03	0.000000e+00	0.000000e+00	0.000000e+00
1.231565e+03	1.335292e+03	0.000000e+00	0.000000e+00	0.000000e+00
1.335292e+03	1.447755e+03	0.000000e+00	0.000000e+00	0.000000e+00
1.447755e+03	1.569690e+03	0.000000e+00	0.000000e+00	0.000000e+00
1.569690e+03	1.701895e+03	0.000000e+00	0.000000e+00	0.000000e+00
1.701895e+03	1.845234e+03	0.000000e+00	0.000000e+00	0.000000e+00
1.845234e+03	2.000647e+03	0.000000e+00	0.000000e+00	0.000000e+00
2.000647e+03	2.169148e+03	0.000000e+00	0.000000e+00	0.000000e+00
2.169148e+03	2.351841e+03	0.000000e+00	0.000000e+00	0.000000e+00
2.351841e+03	2.549922e+03	0.000000e+00	0.000000e+00	0.000000e+00
2.549922e+03	2.764685e+03	0.000000e+00	0.000000e+00	0.000000e+00
2.764685e+03	2.997537e+03	0.000000e+00	0.000000e+00	0.000000e+00
2.997537e+03	3.250000e+03	0.000000e+00	0.000000e+00	0.000000e+00
# END HISTO1D


# BEGIN HISTO1D //data9/Users/choij/cms-mg4gpu-integration/genValidation/DY01234j_13p6TeV_MG356_noPrimodialKT/merged.yoda.gz/MC_TAUS:ENERGY=13000/tau_pt_1
ErrorBars=1
LineColor=green
LineStyle=solid
Path=//data9/Users/choij/cms-mg4gpu-integration/genValidation/DY01234j_13p6TeV_MG356_noPrimodialKT/merged.yoda.gz/MC_TAUS:ENERGY=13000/tau_pt_1
ScaledBy=1.00001010505697575e-06
Title=MG356_13p6TeV
# xlow	 xhigh	 val	 errminus	 errplus
1.000000e+00	1.084713e+00	1.276669e+01	1.409847e+00	1.409847e+00
1.084713e+00	1.176602e+00	1.191410e+01	1.307743e+00	1.307743e+00
1.176602e+00	1.276275e+00	1.164555e+01	1.241420e+00	1.241420e+00
1.276275e+00	1.384392e+00	1.086059e+01	1.151220e+00	1.151220e+00
1.384392e+00	1.501668e+00	1.057162e+01	1.090380e+00	1.090380e+00
1.501668e+00	1.628879e+00	1.078320e+01	1.057381e+00	1.057381e+00
1.628879e+00	1.766866e+00	1.003404e+01	9.792226e-01	9.792226e-01
1.766866e+00	1.916542e+00	9.254683e+00	9.031656e-01	9.031656e-01
1.916542e+00	2.078898e+00	8.937021e+00	8.521121e-01	8.521121e-01
2.078898e+00	2.255007e+00	1.093359e+01	9.048708e-01	9.048708e-01
2.255007e+00	2.446035e+00	9.184690e+00	7.964143e-01	7.964143e-01
2.446035e+00	2.653246e+00	8.147256e+00	7.201228e-01	7.201228e-01
2.653246e+00	2.878010e+00	7.980188e+00	6.842961e-01	6.842961e-01
2.878010e+00	3.121814e+00	7.574589e+00	6.401699e-01	6.401699e-01
3.121814e+00	3.386272e+00	6.283179e+00	5.597505e-01	5.597505e-01
3.386272e+00	3.673133e+00	6.759026e+00	5.574754e-01	5.574754e-01
3.673133e+00	3.984294e+00	4.959899e+00	4.585431e-01	4.585431e-01
3.984294e+00	4.321815e+00	5.353634e+00	4.573922e-01	4.573922e-01
4.321815e+00	4.687929e+00	5.837269e+00	4.586195e-01	4.586195e-01
4.687929e+00	5.085057e+00	4.683571e+00	3.944282e-01	3.944282e-01
5.085057e+00	5.515826e+00	4.959867e+00	3.896841e-01	3.896841e-01
5.515826e+00	5.983088e+00	4.600094e+00	3.603075e-01	3.603075e-01
5.983088e+00	6.489932e+00	4.997058e+00	3.606319e-01	3.606319e-01
6.489932e+00	7.039713e+00	5.038212e+00	3.476699e-01	3.476699e-01
7.039713e+00	7.636067e+00	5.064698e+00	3.346849e-01	3.346849e-01
7.636067e+00	8.282940e+00	6.198796e+00	3.555256e-01	3.555256e-01
8.282940e+00	8.984612e+00	6.898133e+00	3.600799e-01	3.600799e-01
8.984612e+00	9.745724e+00	7.157810e+00	3.522130e-01	3.522130e-01
9.745724e+00	1.057131e+01	8.387561e+00	3.660635e-01	3.660635e-01
1.057131e+01	1.146684e+01	8.572481e+00	3.553409e-01	3.553409e-01
1.146684e+01	1.243823e+01	1.068584e+01	3.809093e-01	3.809093e-01
1.243823e+01	1.349190e+01	1.157869e+01	3.807053e-01	3.807053e-01
1.349190e+01	1.463484e+01	1.316681e+01	3.897966e-01	3.897966e-01
1.463484e+01	1.587460e+01	1.393677e+01	3.850586e-01	3.850586e-01
1.587460e+01	1.721938e+01	1.596805e+01	3.957536e-01	3.957536e-01
1.721938e+01	1.867809e+01	1.822921e+01	4.059970e-01	4.059970e-01
1.867809e+01	2.026036e+01	1.994803e+01	4.077828e-01	4.077828e-01
2.026036e+01	2.197668e+01	2.240264e+01	4.149351e-01	4.149351e-01
2.197668e+01	2.383838e+01	2.453527e+01	4.169317e-01	4.169317e-01
2.383838e+01	2.585780e+01	2.738716e+01	4.229460e-01	4.229460e-01
2.585780e+01	2.804829e+01	3.149840e+01	4.355083e-01	4.355083e-01
2.804829e+01	3.042434e+01	3.244662e+01	4.244021e-01	4.244021e-01
3.042434e+01	3.300167e+01	3.657574e+01	4.326449e-01	4.326449e-01
3.300167e+01	3.579734e+01	4.063627e+01	4.378616e-01	4.378616e-01
3.579734e+01	3.882983e+01	4.548256e+01	4.447763e-01	4.447763e-01
3.882983e+01	4.211922e+01	5.175078e+01	4.555345e-01	4.555345e-01
4.211922e+01	4.568726e+01	6.869959e+01	5.039471e-01	5.039471e-01
4.568726e+01	4.955756e+01	6.349373e+01	4.651715e-01	4.651715e-01
4.955756e+01	5.375572e+01	2.962772e+01	3.051004e-01	3.051004e-01
5.375572e+01	5.830952e+01	1.582638e+01	2.141048e-01	2.141048e-01
5.830952e+01	6.324909e+01	9.295058e+00	1.575434e-01	1.575434e-01
6.324909e+01	6.860710e+01	5.984552e+00	1.213779e-01	1.213779e-01
6.860710e+01	7.441900e+01	3.688026e+00	9.148871e-02	9.148871e-02
7.441900e+01	8.072325e+01	2.642546e+00	7.435689e-02	7.435689e-02
8.072325e+01	8.756154e+01	1.635650e+00	5.616848e-02	5.616848e-02
8.756154e+01	9.497913e+01	1.068732e+00	4.359453e-02	4.359453e-02
9.497913e+01	1.030251e+02	7.836091e-01	3.584147e-02	3.584147e-02
1.030251e+02	1.117526e+02	5.168882e-01	2.795013e-02	2.795013e-02
1.117526e+02	1.212195e+02	3.441272e-01	2.189631e-02	2.189631e-02
1.212195e+02	1.314884e+02	2.491634e-01	1.788890e-02	1.788890e-02
1.314884e+02	1.426271e+02	1.598730e-01	1.375968e-02	1.375968e-02
1.426271e+02	1.547095e+02	1.146199e-01	1.118577e-02	1.118577e-02
1.547095e+02	1.678154e+02	6.642328e-02	8.176144e-03	8.176144e-03
1.678154e+02	1.820315e+02	5.474624e-02	7.127359e-03	7.127359e-03
1.820315e+02	1.974519e+02	4.789361e-02	6.400057e-03	6.400057e-03
1.974519e+02	2.141786e+02	3.311796e-02	5.110217e-03	5.110217e-03
2.141786e+02	2.323223e+02	1.889686e-02	3.705982e-03	3.705982e-03
2.323223e+02	2.520030e+02	8.045893e-03	2.322651e-03	2.322651e-03
2.520030e+02	2.733509e+02	6.796603e-03	2.049254e-03	2.049254e-03
2.733509e+02	2.965072e+02	5.696700e-03	1.801456e-03	1.801456e-03
2.965072e+02	3.216252e+02	3.151453e-03	1.286575e-03	1.286575e-03
3.216252e+02	3.488710e+02	3.388626e-03	1.280781e-03	1.280781e-03
3.488710e+02	3.784248e+02	8.929028e-04	6.313776e-04	6.313776e-04
3.784248e+02	4.104823e+02	4.120543e-04	4.120543e-04	4.120543e-04
4.104823e+02	4.452554e+02	3.785809e-04	3.785809e-04	3.785809e-04
4.452554e+02	4.829743e+02	6.992508e-04	4.944457e-04	4.944457e-04
4.829743e+02	5.238884e+02	0.000000e+00	0.000000e+00	0.000000e+00
5.238884e+02	5.682685e+02	0.000000e+00	0.000000e+00	0.000000e+00
5.682685e+02	6.164081e+02	0.000000e+00	0.000000e+00	0.000000e+00
6.164081e+02	6.686258e+02	0.000000e+00	0.000000e+00	0.000000e+00
6.686258e+02	7.252670e+02	0.000000e+00	0.000000e+00	0.000000e+00
7.252670e+02	7.867065e+02	0.000000e+00	0.000000e+00	0.000000e+00
7.867065e+02	8.533506e+02	0.000000e+00	0.000000e+00	0.000000e+00
8.533506e+02	9.256404e+02	0.000000e+00	0.000000e+00	0.000000e+00
9.256404e+02	1.004054e+03	0.000000e+00	0.000000e+00	0.000000e+00
1.004054e+03	1.089110e+03	0.000000e+00	0.000000e+00	0.000000e+00
1.089110e+03	1.181372e+03	0.000000e+00	0.000000e+00	0.000000e+00
1.181372e+03	1.281449e+03	0.000000e+00	0.000000e+00	0.000000e+00
1.281449e+03	1.390005e+03	0.000000e+00	0.000000e+00	0.000000e+00
1.390005e+03	1.507756e+03	0.000000e+00	0.000000e+00	0.000000e+00
1.507756e+03	1.635482e+03	0.000000e+00	0.000000e+00	0.000000e+00
1.635482e+03	1.774029e+03	0.000000e+00	0.000000e+00	0.000000e+00
1.774029e+03	1.924312e+03	0.000000e+00	0.000000e+00	0.000000e+00
1.924312e+03	2.087326e+03	0.000000e+00	0.000000e+00	0.000000e+00
2.087326e+03	2.264149e+03	0.000000e+00	0.000000e+00	0.000000e+00
2.264149e+03	2.455951e+03	0.000000e+00	0.000000e+00	0.000000e+00
2.455951e+03	2.664002e+03	0.000000e+00	0.000000e+00	0.000000e+00
2.664002e+03	2.889677e+03	0.000000e+00	0.000000e+00	0.000000e+00
2.889677e+03	3.134470e+03	0.000000e+00	0.000000e+00	0.000000e+00
3.134470e+03	3.400000e+03	0.000000e+00	0.000000e+00	0.000000e+00
# END HISTO1D


# BEGIN HISTO1D //data9/Users/choij/cms-mg4gpu-integration/genValidation/DY01234j_13p6TeV_MG356/merged.yoda.gz/MC_TAUS:ENERGY=13000/tau_pt_1
ErrorBars=1
LineColor=orange
LineStyle=solid
Path=//data9/Users/choij/cms-mg4gpu-integration/genValidation/DY01234j_13p6TeV_MG356/merged.yoda.gz/MC_TAUS:ENERGY=13000/tau_pt_1
ScaledBy=1.00002898559791416e-06
Title=MG356_13p6TeV_primordialKT
# xlow	 xhigh	 val	 errminus	 errplus
1.000000e+00	1.084713e+00	1.137404e+01	1.331231e+00	1.331231e+00
1.084713e+00	1.176602e+00	1.249577e+01	1.339688e+00	1.339688e+00
1.176602e+00	1.276275e+00	1.231218e+01	1.276714e+00	1.276714e+00
1.276275e+00	1.384392e+00	1.183858e+01	1.202027e+00	1.202027e+00
1.384392e+00	1.501668e+00	1.159108e+01	1.142104e+00	1.142104e+00
1.501668e+00	1.628879e+00	1.203331e+01	1.117266e+00	1.117266e+00
1.628879e+00	1.766866e+00	1.023409e+01	9.893675e-01	9.893675e-01
1.766866e+00	1.916542e+00	1.004976e+01	9.412469e-01	9.412469e-01
1.916542e+00	2.078898e+00	9.430535e+00	8.756038e-01	8.756038e-01
2.078898e+00	2.255007e+00	9.891806e+00	8.609717e-01	8.609717e-01
2.255007e+00	2.446035e+00	8.497602e+00	7.662037e-01	7.662037e-01
2.446035e+00	2.653246e+00	9.043699e+00	7.589304e-01	7.589304e-01
2.653246e+00	2.878010e+00	7.750018e+00	6.745529e-01	6.745529e-01
2.878010e+00	3.121814e+00	7.740234e+00	6.472712e-01	6.472712e-01
3.121814e+00	3.386272e+00	6.935566e+00	5.882675e-01	5.882675e-01
3.386272e+00	3.673133e+00	5.750642e+00	5.143535e-01	5.143535e-01
3.673133e+00	3.984294e+00	6.531709e+00	5.263403e-01	5.263403e-01
3.984294e+00	4.321815e+00	5.200109e+00	4.509070e-01	4.509070e-01
4.321815e+00	4.687929e+00	4.434086e+00	3.998083e-01	3.998083e-01
4.687929e+00	5.085057e+00	4.819051e+00	4.002006e-01	4.002006e-01
5.085057e+00	5.515826e+00	4.655948e+00	3.776475e-01	3.776475e-01
5.515826e+00	5.983088e+00	4.688149e+00	3.638712e-01	3.638712e-01
5.983088e+00	6.489932e+00	5.182265e+00	3.673612e-01	3.673612e-01
6.489932e+00	7.039713e+00	5.232511e+00	3.543905e-01	3.543905e-01
7.039713e+00	7.636067e+00	5.487724e+00	3.484710e-01	3.484710e-01
7.636067e+00	8.282940e+00	5.834482e+00	3.450003e-01	3.450003e-01
8.282940e+00	8.984612e+00	6.544975e+00	3.508477e-01	3.508477e-01
8.984612e+00	9.745724e+00	6.987098e+00	3.480523e-01	3.480523e-01
9.745724e+00	1.057131e+01	8.023616e+00	3.581117e-01	3.581117e-01
1.057131e+01	1.146684e+01	8.915724e+00	3.624759e-01	3.624759e-01
1.146684e+01	1.243823e+01	9.903745e+00	3.668055e-01	3.668055e-01
1.243823e+01	1.349190e+01	1.162297e+01	3.815427e-01	3.815427e-01
1.349190e+01	1.463484e+01	1.243611e+01	3.789456e-01	3.789456e-01
1.463484e+01	1.587460e+01	1.385960e+01	3.841010e-01	3.841010e-01
1.587460e+01	1.721938e+01	1.553445e+01	3.904413e-01	3.904413e-01
1.721938e+01	1.867809e+01	1.770440e+01	4.002082e-01	4.002082e-01
1.867809e+01	2.026036e+01	2.025925e+01	4.110644e-01	4.110644e-01
2.026036e+01	2.197668e+01	2.227523e+01	4.138550e-01	4.138550e-01
2.197668e+01	2.383838e+01	2.396732e+01	4.121897e-01	4.121897e-01
2.383838e+01	2.585780e+01	2.755797e+01	4.243709e-01	4.243709e-01
2.585780e+01	2.804829e+01	3.101995e+01	4.322946e-01	4.322946e-01
2.804829e+01	3.042434e+01	3.437484e+01	4.369489e-01	4.369489e-01
3.042434e+01	3.300167e+01	3.658058e+01	4.327929e-01	4.327929e-01
3.300167e+01	3.579734e+01	4.042222e+01	4.368250e-01	4.368250e-01
3.579734e+01	3.882983e+01	4.516298e+01	4.433288e-01	4.433288e-01
3.882983e+01	4.211922e+01	5.188217e+01	4.562319e-01	4.562319e-01
4.211922e+01	4.568726e+01	6.830181e+01	5.026137e-01	5.026137e-01
4.568726e+01	4.955756e+01	6.370568e+01	4.660742e-01	4.660742e-01
4.955756e+01	5.375572e+01	3.006796e+01	3.074408e-01	3.074408e-01
5.375572e+01	5.830952e+01	1.593909e+01	2.149228e-01	2.149228e-01
5.830952e+01	6.324909e+01	9.350609e+00	1.580542e-01	1.580542e-01
6.324909e+01	6.860710e+01	5.903780e+00	1.205859e-01	1.205859e-01
6.860710e+01	7.441900e+01	3.855600e+00	9.356713e-02	9.356713e-02
7.441900e+01	8.072325e+01	2.465890e+00	7.184582e-02	7.184582e-02
8.072325e+01	8.756154e+01	1.673228e+00	5.682584e-02	5.682584e-02
8.756154e+01	9.497913e+01	1.186661e+00	4.594774e-02	4.594774e-02
9.497913e+01	1.030251e+02	7.889496e-01	3.597303e-02	3.597303e-02
1.030251e+02	1.117526e+02	5.322442e-01	2.836872e-02	2.836872e-02
1.117526e+02	1.212195e+02	3.819567e-01	2.307486e-02	2.307486e-02
1.212195e+02	1.314884e+02	2.493136e-01	1.789968e-02	1.789968e-02
1.314884e+02	1.426271e+02	1.682280e-01	1.411738e-02	1.411738e-02
1.426271e+02	1.547095e+02	1.190315e-01	1.140115e-02	1.140115e-02
1.547095e+02	1.678154e+02	6.948072e-02	8.364501e-03	8.364501e-03
1.678154e+02	1.820315e+02	5.942870e-02	7.428594e-03	7.428594e-03
1.820315e+02	1.974519e+02	3.423527e-02	5.413074e-03	5.413074e-03
1.974519e+02	2.141786e+02	3.472081e-02	5.234362e-03	5.234362e-03
2.141786e+02	2.323223e+02	1.527710e-02	3.333738e-03	3.333738e-03
2.323223e+02	2.520030e+02	1.407658e-02	3.071763e-03	3.071763e-03
2.520030e+02	2.733509e+02	4.945606e-03	1.748536e-03	1.748536e-03
2.733509e+02	2.965072e+02	4.557637e-03	1.611368e-03	1.611368e-03
2.965072e+02	3.216252e+02	5.777988e-03	1.742130e-03	1.742130e-03
3.216252e+02	3.488710e+02	1.454109e-03	8.395304e-04	8.395304e-04
3.488710e+02	3.784248e+02	1.338378e-03	7.727129e-04	7.727129e-04
3.784248e+02	4.104823e+02	0.000000e+00	0.000000e+00	0.000000e+00
4.104823e+02	4.452554e+02	0.000000e+00	0.000000e+00	0.000000e+00
4.452554e+02	4.829743e+02	3.499805e-04	3.499806e-04	3.499806e-04
4.829743e+02	5.238884e+02	3.219472e-04	3.219473e-04	3.219473e-04
5.238884e+02	5.682685e+02	0.000000e+00	0.000000e+00	0.000000e+00
5.682685e+02	6.164081e+02	0.000000e+00	0.000000e+00	0.000000e+00
6.164081e+02	6.686258e+02	0.000000e+00	0.000000e+00	0.000000e+00
6.686258e+02	7.252670e+02	0.000000e+00	0.000000e+00	0.000000e+00
7.252670e+02	7.867065e+02	0.000000e+00	0.000000e+00	0.000000e+00
7.867065e+02	8.533506e+02	0.000000e+00	0.000000e+00	0.000000e+00
8.533506e+02	9.256404e+02	0.000000e+00	0.000000e+00	0.000000e+00
9.256404e+02	1.004054e+03	0.000000e+00	0.000000e+00	0.000000e+00
1.004054e+03	1.089110e+03	0.000000e+00	0.000000e+00	0.000000e+00
1.089110e+03	1.181372e+03	0.000000e+00	0.000000e+00	0.000000e+00
1.181372e+03	1.281449e+03	0.000000e+00	0.000000e+00	0.000000e+00
1.281449e+03	1.390005e+03	0.000000e+00	0.000000e+00	0.000000e+00
1.390005e+03	1.507756e+03	0.000000e+00	0.000000e+00	0.000000e+00
1.507756e+03	1.635482e+03	0.000000e+00	0.000000e+00	0.000000e+00
1.635482e+03	1.774029e+03	0.000000e+00	0.000000e+00	0.000000e+00
1.774029e+03	1.924312e+03	0.000000e+00	0.000000e+00	0.000000e+00
1.924312e+03	2.087326e+03	0.000000e+00	0.000000e+00	0.000000e+00
2.087326e+03	2.264149e+03	0.000000e+00	0.000000e+00	0.000000e+00
2.264149e+03	2.455951e+03	0.000000e+00	0.000000e+00	0.000000e+00
2.455951e+03	2.664002e+03	0.000000e+00	0.000000e+00	0.000000e+00
2.664002e+03	2.889677e+03	0.000000e+00	0.000000e+00	0.000000e+00
2.889677e+03	3.134470e+03	0.000000e+00	0.000000e+00	0.000000e+00
3.134470e+03	3.400000e+03	0.000000e+00	0.000000e+00	0.000000e+00
# END HISTO1D

