# BEGIN PLOT
Legend=1
LogY=1
Title=Pseudorapidity of second tau
XLabel=$\eta(\tau\mathrm{2})$
YLabel=$\mathrm{d}\sigma/\mathrm{d}\eta(\tau\mathrm{2})$ [pb]
LegendYPos=0.5
LegendXPos=0.30
RemoveOptions=1
DrawOnly=//data9/Users/choij/cms-mg4gpu-integration/genValidation/DY01234j_13TeV_MG2918/merged.yoda.gz/MC_TAUS:ENERGY=13000/tau_eta_2 //data9/Users/choij/cms-mg4gpu-integration/genValidation/DY01234j_13TeV_MG356/merged.yoda.gz/MC_TAUS:ENERGY=13000/tau_eta_2 //data9/Users/choij/cms-mg4gpu-integration/genValidation/DY01234j_13p6TeV_MG356_noPrimodialKT/merged.yoda.gz/MC_TAUS:ENERGY=13000/tau_eta_2 //data9/Users/choij/cms-mg4gpu-integration/genValidation/DY01234j_13p6TeV_MG356/merged.yoda.gz/MC_TAUS:ENERGY=13000/tau_eta_2
LegendOnly=//data9/Users/choij/cms-mg4gpu-integration/genValidation/DY01234j_13TeV_MG2918/merged.yoda.gz/MC_TAUS:ENERGY=13000/tau_eta_2 //data9/Users/choij/cms-mg4gpu-integration/genValidation/DY01234j_13TeV_MG356/merged.yoda.gz/MC_TAUS:ENERGY=13000/tau_eta_2 //data9/Users/choij/cms-mg4gpu-integration/genValidation/DY01234j_13p6TeV_MG356_noPrimodialKT/merged.yoda.gz/MC_TAUS:ENERGY=13000/tau_eta_2 //data9/Users/choij/cms-mg4gpu-integration/genValidation/DY01234j_13p6TeV_MG356/merged.yoda.gz/MC_TAUS:ENERGY=13000/tau_eta_2
RatioPlot=1
RatioPlotReference=//data9/Users/choij/cms-mg4gpu-integration/genValidation/DY01234j_13TeV_MG2918/merged.yoda.gz/MC_TAUS:ENERGY=13000/tau_eta_2
RatioPlotYLabel=Ratio
# END PLOT

# BEGIN HISTO1D //data9/Users/choij/cms-mg4gpu-integration/genValidation/DY01234j_13TeV_MG2918/merged.yoda.gz/MC_TAUS:ENERGY=13000/tau_eta_2
ErrorBars=1
LineColor=red
LineStyle=solid
Path=//data9/Users/choij/cms-mg4gpu-integration/genValidation/DY01234j_13TeV_MG2918/merged.yoda.gz/MC_TAUS:ENERGY=13000/tau_eta_2
ScaledBy=1.00001639083033487e-06
Title=MG2918_13TeV
# xlow	 xhigh	 val	 errminus	 errplus
-5.000000e+00	-4.800000e+00	3.096662e+01	1.386257e+00	1.386257e+00
-4.800000e+00	-4.600000e+00	3.996483e+01	1.574836e+00	1.574836e+00
-4.600000e+00	-4.400000e+00	5.373950e+01	1.826144e+00	1.826144e+00
-4.400000e+00	-4.200000e+00	6.131490e+01	1.950689e+00	1.950689e+00
-4.200000e+00	-4.000000e+00	7.347940e+01	2.135453e+00	2.135453e+00
-4.000000e+00	-3.800000e+00	8.278665e+01	2.266641e+00	2.266641e+00
-3.800000e+00	-3.600000e+00	1.077362e+02	2.585753e+00	2.585753e+00
-3.600000e+00	-3.400000e+00	1.165463e+02	2.689374e+00	2.689374e+00
-3.400000e+00	-3.200000e+00	1.324962e+02	2.867509e+00	2.867509e+00
-3.200000e+00	-3.000000e+00	1.502398e+02	3.053430e+00	3.053430e+00
-3.000000e+00	-2.800000e+00	1.607253e+02	3.158164e+00	3.158164e+00
-2.800000e+00	-2.600000e+00	1.715299e+02	3.262653e+00	3.262653e+00
-2.600000e+00	-2.400000e+00	1.928791e+02	3.459753e+00	3.459753e+00
-2.400000e+00	-2.200000e+00	2.029944e+02	3.549310e+00	3.549310e+00
-2.200000e+00	-2.000000e+00	2.116832e+02	3.624482e+00	3.624482e+00
-2.000000e+00	-1.800000e+00	2.192458e+02	3.688583e+00	3.688583e+00
-1.800000e+00	-1.600000e+00	2.283129e+02	3.764140e+00	3.764140e+00
-1.600000e+00	-1.400000e+00	2.328523e+02	3.801451e+00	3.801451e+00
-1.400000e+00	-1.200000e+00	2.394872e+02	3.855184e+00	3.855184e+00
-1.200000e+00	-1.000000e+00	2.461995e+02	3.908915e+00	3.908915e+00
-1.000000e+00	-8.000000e-01	2.483590e+02	3.925921e+00	3.925921e+00
-8.000000e-01	-6.000000e-01	2.565528e+02	3.990174e+00	3.990174e+00
-6.000000e-01	-4.000000e-01	2.623823e+02	4.035221e+00	4.035221e+00
-4.000000e-01	-2.000000e-01	2.548716e+02	3.977035e+00	3.977035e+00
-2.000000e-01	0.000000e+00	2.588519e+02	4.008035e+00	4.008035e+00
0.000000e+00	2.000000e-01	2.620784e+02	4.032933e+00	4.032933e+00
2.000000e-01	4.000000e-01	2.568058e+02	3.992177e+00	3.992177e+00
4.000000e-01	6.000000e-01	2.630152e+02	4.040178e+00	4.040178e+00
6.000000e-01	8.000000e-01	2.482288e+02	3.924845e+00	3.924845e+00
8.000000e-01	1.000000e+00	2.504118e+02	3.942150e+00	3.942150e+00
1.000000e+00	1.200000e+00	2.488563e+02	3.929856e+00	3.929856e+00
1.200000e+00	1.400000e+00	2.350790e+02	3.819523e+00	3.819523e+00
1.400000e+00	1.600000e+00	2.340260e+02	3.810976e+00	3.810976e+00
1.600000e+00	1.800000e+00	2.230985e+02	3.720895e+00	3.720895e+00
1.800000e+00	2.000000e+00	2.165232e+02	3.665677e+00	3.665677e+00
2.000000e+00	2.200000e+00	2.105617e+02	3.614830e+00	3.614830e+00
2.200000e+00	2.400000e+00	1.998324e+02	3.521585e+00	3.521585e+00
2.400000e+00	2.600000e+00	1.813333e+02	3.354577e+00	3.354577e+00
2.600000e+00	2.800000e+00	1.784804e+02	3.328099e+00	3.328099e+00
2.800000e+00	3.000000e+00	1.593683e+02	3.144885e+00	3.144885e+00
3.000000e+00	3.200000e+00	1.504840e+02	3.055869e+00	3.055869e+00
3.200000e+00	3.400000e+00	1.327416e+02	2.870131e+00	2.870131e+00
3.400000e+00	3.600000e+00	1.210100e+02	2.740338e+00	2.740338e+00
3.600000e+00	3.800000e+00	1.017110e+02	2.512342e+00	2.512342e+00
3.800000e+00	4.000000e+00	8.769255e+01	2.332877e+00	2.332877e+00
4.000000e+00	4.200000e+00	7.118560e+01	2.101894e+00	2.101894e+00
4.200000e+00	4.400000e+00	6.242345e+01	1.968109e+00	1.968109e+00
4.400000e+00	4.600000e+00	5.244230e+01	1.804071e+00	1.804071e+00
4.600000e+00	4.800000e+00	4.021208e+01	1.579681e+00	1.579681e+00
4.800000e+00	5.000000e+00	3.251877e+01	1.420590e+00	1.420590e+00
# END HISTO1D


# BEGIN HISTO1D //data9/Users/choij/cms-mg4gpu-integration/genValidation/DY01234j_13TeV_MG356/merged.yoda.gz/MC_TAUS:ENERGY=13000/tau_eta_2
ErrorBars=1
LineColor=blue
LineStyle=solid
Path=//data9/Users/choij/cms-mg4gpu-integration/genValidation/DY01234j_13TeV_MG356/merged.yoda.gz/MC_TAUS:ENERGY=13000/tau_eta_2
ScaledBy=1.00000391479478877e-06
Title=MG356_13TeV
# xlow	 xhigh	 val	 errminus	 errplus
-5.000000e+00	-4.800000e+00	3.239301e+01	1.417804e+00	1.417804e+00
-4.800000e+00	-4.600000e+00	4.033754e+01	1.582169e+00	1.582169e+00
-4.600000e+00	-4.400000e+00	4.995557e+01	1.760703e+00	1.760703e+00
-4.400000e+00	-4.200000e+00	6.410360e+01	1.994492e+00	1.994492e+00
-4.200000e+00	-4.000000e+00	7.514580e+01	2.159398e+00	2.159398e+00
-4.000000e+00	-3.800000e+00	8.575805e+01	2.306859e+00	2.306859e+00
-3.800000e+00	-3.600000e+00	1.015870e+02	2.510810e+00	2.510810e+00
-3.600000e+00	-3.400000e+00	1.172186e+02	2.696999e+00	2.696999e+00
-3.400000e+00	-3.200000e+00	1.336050e+02	2.879392e+00	2.879392e+00
-3.200000e+00	-3.000000e+00	1.429092e+02	2.977922e+00	2.977922e+00
-3.000000e+00	-2.800000e+00	1.622726e+02	3.173289e+00	3.173289e+00
-2.800000e+00	-2.600000e+00	1.774090e+02	3.317942e+00	3.317942e+00
-2.600000e+00	-2.400000e+00	1.870928e+02	3.407325e+00	3.407325e+00
-2.400000e+00	-2.200000e+00	2.004925e+02	3.527198e+00	3.527198e+00
-2.200000e+00	-2.000000e+00	2.086242e+02	3.598041e+00	3.598041e+00
-2.000000e+00	-1.800000e+00	2.153920e+02	3.655968e+00	3.655968e+00
-1.800000e+00	-1.600000e+00	2.261903e+02	3.746497e+00	3.746497e+00
-1.600000e+00	-1.400000e+00	2.399635e+02	3.858854e+00	3.858854e+00
-1.400000e+00	-1.200000e+00	2.444935e+02	3.895107e+00	3.895107e+00
-1.200000e+00	-1.000000e+00	2.436232e+02	3.888156e+00	3.888156e+00
-1.000000e+00	-8.000000e-01	2.479101e+02	3.922258e+00	3.922258e+00
-8.000000e-01	-6.000000e-01	2.528090e+02	3.960794e+00	3.960794e+00
-6.000000e-01	-4.000000e-01	2.618049e+02	4.030632e+00	4.030632e+00
-4.000000e-01	-2.000000e-01	2.585793e+02	4.005736e+00	4.005736e+00
-2.000000e-01	0.000000e+00	2.586450e+02	4.006272e+00	4.006272e+00
0.000000e+00	2.000000e-01	2.600754e+02	4.017358e+00	4.017358e+00
2.000000e-01	4.000000e-01	2.579609e+02	4.000959e+00	4.000959e+00
4.000000e-01	6.000000e-01	2.582731e+02	4.003394e+00	4.003394e+00
6.000000e-01	8.000000e-01	2.539881e+02	3.970021e+00	3.970021e+00
8.000000e-01	1.000000e+00	2.483986e+02	3.926055e+00	3.926055e+00
1.000000e+00	1.200000e+00	2.479675e+02	3.922674e+00	3.922674e+00
1.200000e+00	1.400000e+00	2.350028e+02	3.818789e+00	3.818789e+00
1.400000e+00	1.600000e+00	2.323336e+02	3.797033e+00	3.797033e+00
1.600000e+00	1.800000e+00	2.248194e+02	3.735080e+00	3.735080e+00
1.800000e+00	2.000000e+00	2.210350e+02	3.703516e+00	3.703516e+00
2.000000e+00	2.200000e+00	2.029134e+02	3.548437e+00	3.548437e+00
2.200000e+00	2.400000e+00	1.995644e+02	3.519047e+00	3.519047e+00
2.400000e+00	2.600000e+00	1.834918e+02	3.374359e+00	3.374359e+00
2.600000e+00	2.800000e+00	1.790952e+02	3.333772e+00	3.333772e+00
2.800000e+00	3.000000e+00	1.624549e+02	3.175034e+00	3.175034e+00
3.000000e+00	3.200000e+00	1.481197e+02	3.031705e+00	3.031705e+00
3.200000e+00	3.400000e+00	1.323058e+02	2.865400e+00	2.865400e+00
3.400000e+00	3.600000e+00	1.185842e+02	2.712669e+00	2.712669e+00
3.600000e+00	3.800000e+00	1.051801e+02	2.554752e+00	2.554752e+00
3.800000e+00	4.000000e+00	8.892260e+01	2.349034e+00	2.349034e+00
4.000000e+00	4.200000e+00	7.775315e+01	2.196559e+00	2.196559e+00
4.200000e+00	4.400000e+00	5.919865e+01	1.916628e+00	1.916628e+00
4.400000e+00	4.600000e+00	5.243345e+01	1.803766e+00	1.803766e+00
4.600000e+00	4.800000e+00	4.176332e+01	1.609859e+00	1.609859e+00
4.800000e+00	5.000000e+00	3.202062e+01	1.409630e+00	1.409630e+00
# END HISTO1D


# BEGIN HISTO1D //data9/Users/choij/cms-mg4gpu-integration/genValidation/DY01234j_13p6TeV_MG356_noPrimodialKT/merged.yoda.gz/MC_TAUS:ENERGY=13000/tau_eta_2
ErrorBars=1
LineColor=green
LineStyle=solid
Path=//data9/Users/choij/cms-mg4gpu-integration/genValidation/DY01234j_13p6TeV_MG356_noPrimodialKT/merged.yoda.gz/MC_TAUS:ENERGY=13000/tau_eta_2
ScaledBy=1.00001010505697575e-06
Title=MG356_13p6TeV
# xlow	 xhigh	 val	 errminus	 errplus
-5.000000e+00	-4.800000e+00	3.442946e+01	1.506938e+00	1.506938e+00
-4.800000e+00	-4.600000e+00	4.155190e+01	1.655468e+00	1.655468e+00
-4.600000e+00	-4.400000e+00	5.176680e+01	1.847638e+00	1.847638e+00
-4.400000e+00	-4.200000e+00	6.410285e+01	2.056101e+00	2.056101e+00
-4.200000e+00	-4.000000e+00	7.940275e+01	2.288351e+00	2.288351e+00
-4.000000e+00	-3.800000e+00	9.418175e+01	2.492315e+00	2.492315e+00
-3.800000e+00	-3.600000e+00	1.079671e+02	2.668501e+00	2.668501e+00
-3.600000e+00	-3.400000e+00	1.230686e+02	2.848995e+00	2.848995e+00
-3.400000e+00	-3.200000e+00	1.396774e+02	3.035033e+00	3.035033e+00
-3.200000e+00	-3.000000e+00	1.590035e+02	3.238235e+00	3.238235e+00
-3.000000e+00	-2.800000e+00	1.711400e+02	3.359567e+00	3.359567e+00
-2.800000e+00	-2.600000e+00	1.863033e+02	3.505189e+00	3.505189e+00
-2.600000e+00	-2.400000e+00	1.897395e+02	3.537433e+00	3.537433e+00
-2.400000e+00	-2.200000e+00	2.066882e+02	3.692040e+00	3.692040e+00
-2.200000e+00	-2.000000e+00	2.226461e+02	3.831901e+00	3.831901e+00
-2.000000e+00	-1.800000e+00	2.275231e+02	3.873613e+00	3.873613e+00
-1.800000e+00	-1.600000e+00	2.428286e+02	4.001826e+00	4.001826e+00
-1.600000e+00	-1.400000e+00	2.482990e+02	4.046625e+00	4.046625e+00
-1.400000e+00	-1.200000e+00	2.540280e+02	4.092972e+00	4.092972e+00
-1.200000e+00	-1.000000e+00	2.533815e+02	4.087865e+00	4.087865e+00
-1.000000e+00	-8.000000e-01	2.638666e+02	4.171579e+00	4.171579e+00
-8.000000e-01	-6.000000e-01	2.719171e+02	4.234774e+00	4.234774e+00
-6.000000e-01	-4.000000e-01	2.680218e+02	4.204298e+00	4.204298e+00
-4.000000e-01	-2.000000e-01	2.695359e+02	4.216137e+00	4.216137e+00
-2.000000e-01	0.000000e+00	2.652414e+02	4.182352e+00	4.182352e+00
0.000000e+00	2.000000e-01	2.771209e+02	4.275054e+00	4.275054e+00
2.000000e-01	4.000000e-01	2.750063e+02	4.258679e+00	4.258679e+00
4.000000e-01	6.000000e-01	2.634653e+02	4.168361e+00	4.168361e+00
6.000000e-01	8.000000e-01	2.744887e+02	4.254748e+00	4.254748e+00
8.000000e-01	1.000000e+00	2.665676e+02	4.192851e+00	4.192851e+00
1.000000e+00	1.200000e+00	2.570760e+02	4.117569e+00	4.117569e+00
1.200000e+00	1.400000e+00	2.545043e+02	4.096925e+00	4.096925e+00
1.400000e+00	1.600000e+00	2.526503e+02	4.081917e+00	4.081917e+00
1.600000e+00	1.800000e+00	2.399243e+02	3.977802e+00	3.977802e+00
1.800000e+00	2.000000e+00	2.279235e+02	3.877060e+00	3.877060e+00
2.000000e+00	2.200000e+00	2.200741e+02	3.809704e+00	3.809704e+00
2.200000e+00	2.400000e+00	2.111037e+02	3.731240e+00	3.731240e+00
2.400000e+00	2.600000e+00	1.994318e+02	3.626635e+00	3.626635e+00
2.600000e+00	2.800000e+00	1.842020e+02	3.485453e+00	3.485453e+00
2.800000e+00	3.000000e+00	1.658626e+02	3.307347e+00	3.307347e+00
3.000000e+00	3.200000e+00	1.563662e+02	3.211274e+00	3.211274e+00
3.200000e+00	3.400000e+00	1.412650e+02	3.052285e+00	3.052285e+00
3.400000e+00	3.600000e+00	1.212158e+02	2.827397e+00	2.827397e+00
3.600000e+00	3.800000e+00	1.096044e+02	2.688517e+00	2.688517e+00
3.800000e+00	4.000000e+00	9.477005e+01	2.500017e+00	2.500017e+00
4.000000e+00	4.200000e+00	7.847960e+01	2.275012e+00	2.275012e+00
4.200000e+00	4.400000e+00	6.674045e+01	2.097969e+00	2.097969e+00
4.400000e+00	4.600000e+00	5.526490e+01	1.909096e+00	1.909096e+00
4.600000e+00	4.800000e+00	4.425396e+01	1.708406e+00	1.708406e+00
4.800000e+00	5.000000e+00	3.679710e+01	1.557747e+00	1.557747e+00
# END HISTO1D


# BEGIN HISTO1D //data9/Users/choij/cms-mg4gpu-integration/genValidation/DY01234j_13p6TeV_MG356/merged.yoda.gz/MC_TAUS:ENERGY=13000/tau_eta_2
ErrorBars=1
LineColor=orange
LineStyle=solid
Path=//data9/Users/choij/cms-mg4gpu-integration/genValidation/DY01234j_13p6TeV_MG356/merged.yoda.gz/MC_TAUS:ENERGY=13000/tau_eta_2
ScaledBy=1.00002898559791416e-06
Title=MG356_13p6TeV_primordialKT
# xlow	 xhigh	 val	 errminus	 errplus
-5.000000e+00	-4.800000e+00	3.477340e+01	1.514754e+00	1.514754e+00
-4.800000e+00	-4.600000e+00	4.421096e+01	1.708019e+00	1.708019e+00
-4.600000e+00	-4.400000e+00	5.463640e+01	1.898748e+00	1.898748e+00
-4.400000e+00	-4.200000e+00	6.921485e+01	2.137036e+00	2.137036e+00
-4.200000e+00	-4.000000e+00	8.260945e+01	2.334683e+00	2.334683e+00
-4.000000e+00	-3.800000e+00	9.554775e+01	2.510941e+00	2.510941e+00
-3.800000e+00	-3.600000e+00	1.066979e+02	2.653389e+00	2.653389e+00
-3.600000e+00	-3.400000e+00	1.257022e+02	2.880020e+00	2.880020e+00
-3.400000e+00	-3.200000e+00	1.384988e+02	3.023013e+00	3.023013e+00
-3.200000e+00	-3.000000e+00	1.510416e+02	3.156995e+00	3.156995e+00
-3.000000e+00	-2.800000e+00	1.795448e+02	3.441985e+00	3.441985e+00
-2.800000e+00	-2.600000e+00	1.811888e+02	3.457652e+00	3.457652e+00
-2.600000e+00	-2.400000e+00	1.948534e+02	3.585721e+00	3.585721e+00
-2.400000e+00	-2.200000e+00	2.017787e+02	3.648856e+00	3.648856e+00
-2.200000e+00	-2.000000e+00	2.268513e+02	3.868909e+00	3.868909e+00
-2.000000e+00	-1.800000e+00	2.252732e+02	3.855475e+00	3.855475e+00
-1.800000e+00	-1.600000e+00	2.447364e+02	4.018559e+00	4.018559e+00
-1.600000e+00	-1.400000e+00	2.503451e+02	4.064346e+00	4.064346e+00
-1.400000e+00	-1.200000e+00	2.512674e+02	4.071814e+00	4.071814e+00
-1.200000e+00	-1.000000e+00	2.547653e+02	4.100064e+00	4.100064e+00
-1.000000e+00	-8.000000e-01	2.563463e+02	4.112744e+00	4.112744e+00
-8.000000e-01	-6.000000e-01	2.744220e+02	4.255247e+00	4.255247e+00
-6.000000e-01	-4.000000e-01	2.694168e+02	4.216336e+00	4.216336e+00
-4.000000e-01	-2.000000e-01	2.723169e+02	4.238943e+00	4.238943e+00
-2.000000e-01	0.000000e+00	2.711350e+02	4.229780e+00	4.229780e+00
0.000000e+00	2.000000e-01	2.733706e+02	4.247121e+00	4.247121e+00
2.000000e-01	4.000000e-01	2.877588e+02	4.357484e+00	4.357484e+00
4.000000e-01	6.000000e-01	2.672390e+02	4.199257e+00	4.199257e+00
6.000000e-01	8.000000e-01	2.632074e+02	4.167411e+00	4.167411e+00
8.000000e-01	1.000000e+00	2.698185e+02	4.219522e+00	4.219522e+00
1.000000e+00	1.200000e+00	2.620922e+02	4.158623e+00	4.158623e+00
1.200000e+00	1.400000e+00	2.557515e+02	4.107962e+00	4.107962e+00
1.400000e+00	1.600000e+00	2.473079e+02	4.039601e+00	4.039601e+00
1.600000e+00	1.800000e+00	2.311444e+02	3.905382e+00	3.905382e+00
1.800000e+00	2.000000e+00	2.299615e+02	3.895416e+00	3.895416e+00
2.000000e+00	2.200000e+00	2.196590e+02	3.807082e+00	3.807082e+00
2.200000e+00	2.400000e+00	2.022422e+02	3.653059e+00	3.653059e+00
2.400000e+00	2.600000e+00	1.968959e+02	3.604437e+00	3.604437e+00
2.600000e+00	2.800000e+00	1.837638e+02	3.482151e+00	3.482151e+00
2.800000e+00	3.000000e+00	1.713011e+02	3.362080e+00	3.362080e+00
3.000000e+00	3.200000e+00	1.538742e+02	3.186411e+00	3.186411e+00
3.200000e+00	3.400000e+00	1.386997e+02	3.025235e+00	3.025235e+00
3.400000e+00	3.600000e+00	1.220695e+02	2.838061e+00	2.838061e+00
3.600000e+00	3.800000e+00	1.067616e+02	2.654153e+00	2.654153e+00
3.800000e+00	4.000000e+00	9.594435e+01	2.516155e+00	2.516155e+00
4.000000e+00	4.200000e+00	8.103125e+01	2.312350e+00	2.312350e+00
4.200000e+00	4.400000e+00	6.968210e+01	2.144320e+00	2.144320e+00
4.400000e+00	4.600000e+00	5.311710e+01	1.872132e+00	1.872132e+00
4.600000e+00	4.800000e+00	4.374858e+01	1.699055e+00	1.699055e+00
4.800000e+00	5.000000e+00	3.338909e+01	1.484327e+00	1.484327e+00
# END HISTO1D

