# BEGIN PLOT
Legend=1
LogY=1
Title=Pseudorapidity of leading tau
XLabel=$\eta(\tau\mathrm{1})$
YLabel=$\mathrm{d}\sigma/\mathrm{d}\eta(\tau\mathrm{1})$ [pb]
LegendYPos=0.5
LegendXPos=0.30
RemoveOptions=1
DrawOnly=//data9/Users/choij/cms-mg4gpu-integration/genValidation/DY01234j_13TeV_MG2918/merged.yoda.gz/MC_TAUS:ENERGY=13000/tau_eta_1 //data9/Users/choij/cms-mg4gpu-integration/genValidation/DY01234j_13TeV_MG356/merged.yoda.gz/MC_TAUS:ENERGY=13000/tau_eta_1 //data9/Users/choij/cms-mg4gpu-integration/genValidation/DY01234j_13p6TeV_MG356_noPrimodialKT/merged.yoda.gz/MC_TAUS:ENERGY=13000/tau_eta_1 //data9/Users/choij/cms-mg4gpu-integration/genValidation/DY01234j_13p6TeV_MG356/merged.yoda.gz/MC_TAUS:ENERGY=13000/tau_eta_1
LegendOnly=//data9/Users/choij/cms-mg4gpu-integration/genValidation/DY01234j_13TeV_MG2918/merged.yoda.gz/MC_TAUS:ENERGY=13000/tau_eta_1 //data9/Users/choij/cms-mg4gpu-integration/genValidation/DY01234j_13TeV_MG356/merged.yoda.gz/MC_TAUS:ENERGY=13000/tau_eta_1 //data9/Users/choij/cms-mg4gpu-integration/genValidation/DY01234j_13p6TeV_MG356_noPrimodialKT/merged.yoda.gz/MC_TAUS:ENERGY=13000/tau_eta_1 //data9/Users/choij/cms-mg4gpu-integration/genValidation/DY01234j_13p6TeV_MG356/merged.yoda.gz/MC_TAUS:ENERGY=13000/tau_eta_1
RatioPlot=1
RatioPlotReference=//data9/Users/choij/cms-mg4gpu-integration/genValidation/DY01234j_13TeV_MG2918/merged.yoda.gz/MC_TAUS:ENERGY=13000/tau_eta_1
RatioPlotYLabel=Ratio
# END PLOT

# BEGIN HISTO1D //data9/Users/choij/cms-mg4gpu-integration/genValidation/DY01234j_13TeV_MG2918/merged.yoda.gz/MC_TAUS:ENERGY=13000/tau_eta_1
ErrorBars=1
LineColor=red
LineStyle=solid
Path=//data9/Users/choij/cms-mg4gpu-integration/genValidation/DY01234j_13TeV_MG2918/merged.yoda.gz/MC_TAUS:ENERGY=13000/tau_eta_1
ScaledBy=1.00001639083033487e-06
Title=MG2918_13TeV
# xlow	 xhigh	 val	 errminus	 errplus
-5.000000e+00	-4.800000e+00	2.581700e+01	1.265783e+00	1.265783e+00
-4.800000e+00	-4.600000e+00	3.717466e+01	1.518916e+00	1.518916e+00
-4.600000e+00	-4.400000e+00	4.455827e+01	1.662900e+00	1.662900e+00
-4.400000e+00	-4.200000e+00	6.019455e+01	1.932732e+00	1.932732e+00
-4.200000e+00	-4.000000e+00	7.037965e+01	2.089974e+00	2.089974e+00
-4.000000e+00	-3.800000e+00	8.898470e+01	2.349855e+00	2.349855e+00
-3.800000e+00	-3.600000e+00	1.061191e+02	2.566231e+00	2.566231e+00
-3.600000e+00	-3.400000e+00	1.208966e+02	2.739176e+00	2.739176e+00
-3.400000e+00	-3.200000e+00	1.407516e+02	2.955508e+00	2.955508e+00
-3.200000e+00	-3.000000e+00	1.540286e+02	3.091724e+00	3.091724e+00
-3.000000e+00	-2.800000e+00	1.717168e+02	3.264438e+00	3.264438e+00
-2.800000e+00	-2.600000e+00	1.854311e+02	3.392286e+00	3.392286e+00
-2.600000e+00	-2.400000e+00	1.923795e+02	3.455240e+00	3.455240e+00
-2.400000e+00	-2.200000e+00	2.098254e+02	3.608575e+00	3.608575e+00
-2.200000e+00	-2.000000e+00	2.224873e+02	3.715873e+00	3.715873e+00
-2.000000e+00	-1.800000e+00	2.355687e+02	3.823443e+00	3.823443e+00
-1.800000e+00	-1.600000e+00	2.361323e+02	3.828056e+00	3.828056e+00
-1.600000e+00	-1.400000e+00	2.437012e+02	3.888908e+00	3.888908e+00
-1.400000e+00	-1.200000e+00	2.463040e+02	3.909589e+00	3.909589e+00
-1.200000e+00	-1.000000e+00	2.486153e+02	3.928010e+00	3.928010e+00
-1.000000e+00	-8.000000e-01	2.543813e+02	3.973255e+00	3.973255e+00
-8.000000e-01	-6.000000e-01	2.655428e+02	4.059417e+00	4.059417e+00
-6.000000e-01	-4.000000e-01	2.590300e+02	4.009352e+00	4.009352e+00
-4.000000e-01	-2.000000e-01	2.617067e+02	4.030078e+00	4.030078e+00
-2.000000e-01	0.000000e+00	2.629971e+02	4.039902e+00	4.039902e+00
0.000000e+00	2.000000e-01	2.616375e+02	4.029489e+00	4.029489e+00
2.000000e-01	4.000000e-01	2.592807e+02	4.011310e+00	4.011310e+00
4.000000e-01	6.000000e-01	2.576780e+02	3.998977e+00	3.998977e+00
6.000000e-01	8.000000e-01	2.612023e+02	4.026131e+00	4.026131e+00
8.000000e-01	1.000000e+00	2.601578e+02	4.018152e+00	4.018152e+00
1.000000e+00	1.200000e+00	2.540040e+02	3.970268e+00	3.970268e+00
1.200000e+00	1.400000e+00	2.489808e+02	3.930842e+00	3.930842e+00
1.400000e+00	1.600000e+00	2.479381e+02	3.922702e+00	3.922702e+00
1.600000e+00	1.800000e+00	2.325382e+02	3.798855e+00	3.798855e+00
1.800000e+00	2.000000e+00	2.287455e+02	3.767690e+00	3.767690e+00
2.000000e+00	2.200000e+00	2.252721e+02	3.738991e+00	3.738991e+00
2.200000e+00	2.400000e+00	2.093171e+02	3.604099e+00	3.604099e+00
2.400000e+00	2.600000e+00	1.990275e+02	3.514504e+00	3.514504e+00
2.600000e+00	2.800000e+00	1.900207e+02	3.433986e+00	3.433986e+00
2.800000e+00	3.000000e+00	1.640903e+02	3.191190e+00	3.191190e+00
3.000000e+00	3.200000e+00	1.596825e+02	3.148022e+00	3.148022e+00
3.200000e+00	3.400000e+00	1.412417e+02	2.960581e+00	2.960581e+00
3.400000e+00	3.600000e+00	1.215090e+02	2.746013e+00	2.746013e+00
3.600000e+00	3.800000e+00	1.038785e+02	2.538915e+00	2.538915e+00
3.800000e+00	4.000000e+00	8.334240e+01	2.274198e+00	2.274198e+00
4.000000e+00	4.200000e+00	7.508880e+01	2.158653e+00	2.158653e+00
4.200000e+00	4.400000e+00	5.901760e+01	1.913778e+00	1.913778e+00
4.400000e+00	4.600000e+00	4.437059e+01	1.659367e+00	1.659367e+00
4.600000e+00	4.800000e+00	3.463252e+01	1.466112e+00	1.466112e+00
4.800000e+00	5.000000e+00	2.531841e+01	1.253449e+00	1.253449e+00
# END HISTO1D


# BEGIN HISTO1D //data9/Users/choij/cms-mg4gpu-integration/genValidation/DY01234j_13TeV_MG356/merged.yoda.gz/MC_TAUS:ENERGY=13000/tau_eta_1
ErrorBars=1
LineColor=blue
LineStyle=solid
Path=//data9/Users/choij/cms-mg4gpu-integration/genValidation/DY01234j_13TeV_MG356/merged.yoda.gz/MC_TAUS:ENERGY=13000/tau_eta_1
ScaledBy=1.00000391479478877e-06
Title=MG356_13TeV
# xlow	 xhigh	 val	 errminus	 errplus
-5.000000e+00	-4.800000e+00	2.420008e+01	1.225420e+00	1.225420e+00
-4.800000e+00	-4.600000e+00	3.394568e+01	1.451414e+00	1.451414e+00
-4.600000e+00	-4.400000e+00	4.666403e+01	1.701662e+00	1.701662e+00
-4.400000e+00	-4.200000e+00	5.733650e+01	1.886234e+00	1.886234e+00
-4.200000e+00	-4.000000e+00	7.502305e+01	2.157654e+00	2.157654e+00
-4.000000e+00	-3.800000e+00	8.817870e+01	2.339198e+00	2.339198e+00
-3.800000e+00	-3.600000e+00	1.028853e+02	2.526744e+00	2.526744e+00
-3.600000e+00	-3.400000e+00	1.218769e+02	2.750115e+00	2.750115e+00
-3.400000e+00	-3.200000e+00	1.378247e+02	2.924508e+00	2.924508e+00
-3.200000e+00	-3.000000e+00	1.563148e+02	3.114486e+00	3.114486e+00
-3.000000e+00	-2.800000e+00	1.676692e+02	3.225603e+00	3.225603e+00
-2.800000e+00	-2.600000e+00	1.842967e+02	3.381734e+00	3.381734e+00
-2.600000e+00	-2.400000e+00	2.000010e+02	3.522915e+00	3.522915e+00
-2.400000e+00	-2.200000e+00	2.048364e+02	3.565205e+00	3.565205e+00
-2.200000e+00	-2.000000e+00	2.212807e+02	3.705554e+00	3.705554e+00
-2.000000e+00	-1.800000e+00	2.247606e+02	3.734617e+00	3.734617e+00
-1.800000e+00	-1.600000e+00	2.372375e+02	3.836907e+00	3.836907e+00
-1.600000e+00	-1.400000e+00	2.403937e+02	3.862278e+00	3.862278e+00
-1.400000e+00	-1.200000e+00	2.597577e+02	4.014847e+00	4.014847e+00
-1.200000e+00	-1.000000e+00	2.565307e+02	3.989829e+00	3.989829e+00
-1.000000e+00	-8.000000e-01	2.588916e+02	4.008169e+00	4.008169e+00
-8.000000e-01	-6.000000e-01	2.640429e+02	4.047855e+00	4.047855e+00
-6.000000e-01	-4.000000e-01	2.669676e+02	4.070272e+00	4.070272e+00
-4.000000e-01	-2.000000e-01	2.596393e+02	4.013976e+00	4.013976e+00
-2.000000e-01	0.000000e+00	2.644701e+02	4.051074e+00	4.051074e+00
0.000000e+00	2.000000e-01	2.599457e+02	4.016314e+00	4.016314e+00
2.000000e-01	4.000000e-01	2.569721e+02	3.993316e+00	3.993316e+00
4.000000e-01	6.000000e-01	2.591995e+02	4.010533e+00	4.010533e+00
6.000000e-01	8.000000e-01	2.571523e+02	3.994669e+00	3.994669e+00
8.000000e-01	1.000000e+00	2.588250e+02	4.007618e+00	4.007618e+00
1.000000e+00	1.200000e+00	2.432535e+02	3.885226e+00	3.885226e+00
1.200000e+00	1.400000e+00	2.437492e+02	3.889177e+00	3.889177e+00
1.400000e+00	1.600000e+00	2.462951e+02	3.909449e+00	3.909449e+00
1.600000e+00	1.800000e+00	2.370555e+02	3.835470e+00	3.835470e+00
1.800000e+00	2.000000e+00	2.335081e+02	3.806580e+00	3.806580e+00
2.000000e+00	2.200000e+00	2.246368e+02	3.733592e+00	3.733592e+00
2.200000e+00	2.400000e+00	2.120396e+02	3.627394e+00	3.627394e+00
2.400000e+00	2.600000e+00	1.991311e+02	3.515235e+00	3.515235e+00
2.600000e+00	2.800000e+00	1.808841e+02	3.350282e+00	3.350282e+00
2.800000e+00	3.000000e+00	1.732572e+02	3.278943e+00	3.278943e+00
3.000000e+00	3.200000e+00	1.547043e+02	3.098428e+00	3.098428e+00
3.200000e+00	3.400000e+00	1.394375e+02	2.941564e+00	2.941564e+00
3.400000e+00	3.600000e+00	1.220586e+02	2.752114e+00	2.752114e+00
3.600000e+00	3.800000e+00	1.067334e+02	2.573571e+00	2.573571e+00
3.800000e+00	4.000000e+00	8.724460e+01	2.326731e+00	2.326731e+00
4.000000e+00	4.200000e+00	7.229150e+01	2.117993e+00	2.117993e+00
4.200000e+00	4.400000e+00	5.783475e+01	1.894441e+00	1.894441e+00
4.400000e+00	4.600000e+00	4.827577e+01	1.730771e+00	1.730771e+00
4.600000e+00	4.800000e+00	3.456394e+01	1.464522e+00	1.464522e+00
4.800000e+00	5.000000e+00	2.575016e+01	1.264027e+00	1.264027e+00
# END HISTO1D


# BEGIN HISTO1D //data9/Users/choij/cms-mg4gpu-integration/genValidation/DY01234j_13p6TeV_MG356_noPrimodialKT/merged.yoda.gz/MC_TAUS:ENERGY=13000/tau_eta_1
ErrorBars=1
LineColor=green
LineStyle=solid
Path=//data9/Users/choij/cms-mg4gpu-integration/genValidation/DY01234j_13p6TeV_MG356_noPrimodialKT/merged.yoda.gz/MC_TAUS:ENERGY=13000/tau_eta_1
ScaledBy=1.00001010505697575e-06
Title=MG356_13p6TeV
# xlow	 xhigh	 val	 errminus	 errplus
-5.000000e+00	-4.800000e+00	2.921492e+01	1.388044e+00	1.388044e+00
-4.800000e+00	-4.600000e+00	3.660357e+01	1.553736e+00	1.553736e+00
-4.600000e+00	-4.400000e+00	5.025555e+01	1.820569e+00	1.820569e+00
-4.400000e+00	-4.200000e+00	6.291915e+01	2.037083e+00	2.037083e+00
-4.200000e+00	-4.000000e+00	7.491770e+01	2.222775e+00	2.222775e+00
-4.000000e+00	-3.800000e+00	9.384695e+01	2.487815e+00	2.487815e+00
-3.800000e+00	-3.600000e+00	1.150840e+02	2.754975e+00	2.754975e+00
-3.600000e+00	-3.400000e+00	1.297931e+02	2.925766e+00	2.925766e+00
-3.400000e+00	-3.200000e+00	1.449603e+02	3.091971e+00	3.091971e+00
-3.200000e+00	-3.000000e+00	1.646779e+02	3.295539e+00	3.295539e+00
-3.000000e+00	-2.800000e+00	1.835345e+02	3.479057e+00	3.479057e+00
-2.800000e+00	-2.600000e+00	1.912543e+02	3.551505e+00	3.551505e+00
-2.600000e+00	-2.400000e+00	2.059704e+02	3.685693e+00	3.685693e+00
-2.400000e+00	-2.200000e+00	2.225123e+02	3.830731e+00	3.830731e+00
-2.200000e+00	-2.000000e+00	2.320081e+02	3.911610e+00	3.911610e+00
-2.000000e+00	-1.800000e+00	2.375508e+02	3.958084e+00	3.958084e+00
-1.800000e+00	-1.600000e+00	2.506122e+02	4.065470e+00	4.065470e+00
-1.600000e+00	-1.400000e+00	2.526637e+02	4.082133e+00	4.082133e+00
-1.400000e+00	-1.200000e+00	2.641238e+02	4.173558e+00	4.173558e+00
-1.200000e+00	-1.000000e+00	2.643241e+02	4.175161e+00	4.175161e+00
-1.000000e+00	-8.000000e-01	2.633404e+02	4.167428e+00	4.167428e+00
-8.000000e-01	-6.000000e-01	2.724402e+02	4.238809e+00	4.238809e+00
-6.000000e-01	-4.000000e-01	2.796283e+02	4.294360e+00	4.294360e+00
-4.000000e-01	-2.000000e-01	2.775123e+02	4.278038e+00	4.278038e+00
-2.000000e-01	0.000000e+00	2.752636e+02	4.260621e+00	4.260621e+00
0.000000e+00	2.000000e-01	2.822648e+02	4.314546e+00	4.314546e+00
2.000000e-01	4.000000e-01	2.847078e+02	4.333199e+00	4.333199e+00
4.000000e-01	6.000000e-01	2.809510e+02	4.304533e+00	4.304533e+00
6.000000e-01	8.000000e-01	2.771844e+02	4.275524e+00	4.275524e+00
8.000000e-01	1.000000e+00	2.669654e+02	4.195996e+00	4.195996e+00
1.000000e+00	1.200000e+00	2.587168e+02	4.130625e+00	4.130625e+00
1.200000e+00	1.400000e+00	2.591872e+02	4.134448e+00	4.134448e+00
1.400000e+00	1.600000e+00	2.526618e+02	4.082102e+00	4.082102e+00
1.600000e+00	1.800000e+00	2.489616e+02	4.052045e+00	4.052045e+00
1.800000e+00	2.000000e+00	2.344531e+02	3.932207e+00	3.932207e+00
2.000000e+00	2.200000e+00	2.350413e+02	3.937092e+00	3.937092e+00
2.200000e+00	2.400000e+00	2.148574e+02	3.764221e+00	3.764221e+00
2.400000e+00	2.600000e+00	2.147285e+02	3.763118e+00	3.763118e+00
2.600000e+00	2.800000e+00	1.907920e+02	3.547204e+00	3.547204e+00
2.800000e+00	3.000000e+00	1.814885e+02	3.459595e+00	3.459595e+00
3.000000e+00	3.200000e+00	1.617083e+02	3.265671e+00	3.265671e+00
3.200000e+00	3.400000e+00	1.497664e+02	3.142723e+00	3.142723e+00
3.400000e+00	3.600000e+00	1.337467e+02	2.969953e+00	2.969953e+00
3.600000e+00	3.800000e+00	1.098039e+02	2.690982e+00	2.690982e+00
3.800000e+00	4.000000e+00	9.476955e+01	2.500004e+00	2.500004e+00
4.000000e+00	4.200000e+00	8.019290e+01	2.299690e+00	2.299690e+00
4.200000e+00	4.400000e+00	6.192405e+01	2.020816e+00	2.020816e+00
4.400000e+00	4.600000e+00	4.959246e+01	1.808452e+00	1.808452e+00
4.600000e+00	4.800000e+00	3.699969e+01	1.562129e+00	1.562129e+00
4.800000e+00	5.000000e+00	2.882245e+01	1.378766e+00	1.378766e+00
# END HISTO1D


# BEGIN HISTO1D //data9/Users/choij/cms-mg4gpu-integration/genValidation/DY01234j_13p6TeV_MG356/merged.yoda.gz/MC_TAUS:ENERGY=13000/tau_eta_1
ErrorBars=1
LineColor=orange
LineStyle=solid
Path=//data9/Users/choij/cms-mg4gpu-integration/genValidation/DY01234j_13p6TeV_MG356/merged.yoda.gz/MC_TAUS:ENERGY=13000/tau_eta_1
ScaledBy=1.00002898559791416e-06
Title=MG356_13p6TeV_primordialKT
# xlow	 xhigh	 val	 errminus	 errplus
-5.000000e+00	-4.800000e+00	3.107836e+01	1.432016e+00	1.432016e+00
-4.800000e+00	-4.600000e+00	4.156970e+01	1.656177e+00	1.656177e+00
-4.600000e+00	-4.400000e+00	4.856695e+01	1.790203e+00	1.790203e+00
-4.400000e+00	-4.200000e+00	6.479690e+01	2.067753e+00	2.067753e+00
-4.200000e+00	-4.000000e+00	7.772950e+01	2.264715e+00	2.264715e+00
-4.000000e+00	-3.800000e+00	9.818540e+01	2.545338e+00	2.545338e+00
-3.800000e+00	-3.600000e+00	1.103889e+02	2.698842e+00	2.698842e+00
-3.600000e+00	-3.400000e+00	1.328263e+02	2.960482e+00	2.960482e+00
-3.400000e+00	-3.200000e+00	1.447688e+02	3.090700e+00	3.090700e+00
-3.200000e+00	-3.000000e+00	1.599469e+02	3.248701e+00	3.248701e+00
-3.000000e+00	-2.800000e+00	1.823809e+02	3.469051e+00	3.469051e+00
-2.800000e+00	-2.600000e+00	1.931939e+02	3.570328e+00	3.570328e+00
-2.600000e+00	-2.400000e+00	2.062024e+02	3.688662e+00	3.688662e+00
-2.400000e+00	-2.200000e+00	2.277822e+02	3.876899e+00	3.876899e+00
-2.200000e+00	-2.000000e+00	2.364884e+02	3.950264e+00	3.950264e+00
-2.000000e+00	-1.800000e+00	2.374824e+02	3.958591e+00	3.958591e+00
-1.800000e+00	-1.600000e+00	2.435522e+02	4.008854e+00	4.008854e+00
-1.600000e+00	-1.400000e+00	2.503364e+02	4.064204e+00	4.064204e+00
-1.400000e+00	-1.200000e+00	2.591214e+02	4.134976e+00	4.134976e+00
-1.200000e+00	-1.000000e+00	2.679586e+02	4.204858e+00	4.204858e+00
-1.000000e+00	-8.000000e-01	2.678995e+02	4.204448e+00	4.204448e+00
-8.000000e-01	-6.000000e-01	2.705359e+02	4.225064e+00	4.225064e+00
-6.000000e-01	-4.000000e-01	2.687515e+02	4.211084e+00	4.211084e+00
-4.000000e-01	-2.000000e-01	2.743662e+02	4.254893e+00	4.254893e+00
-2.000000e-01	0.000000e+00	2.781968e+02	4.284518e+00	4.284518e+00
0.000000e+00	2.000000e-01	2.739663e+02	4.251759e+00	4.251759e+00
2.000000e-01	4.000000e-01	2.735007e+02	4.248116e+00	4.248116e+00
4.000000e-01	6.000000e-01	2.832093e+02	4.322927e+00	4.322927e+00
6.000000e-01	8.000000e-01	2.764082e+02	4.270670e+00	4.270670e+00
8.000000e-01	1.000000e+00	2.713248e+02	4.231195e+00	4.231195e+00
1.000000e+00	1.200000e+00	2.648634e+02	4.180550e+00	4.180550e+00
1.200000e+00	1.400000e+00	2.594463e+02	4.137527e+00	4.137527e+00
1.400000e+00	1.600000e+00	2.560933e+02	4.110802e+00	4.110802e+00
1.600000e+00	1.800000e+00	2.492937e+02	4.055838e+00	4.055838e+00
1.800000e+00	2.000000e+00	2.401779e+02	3.980911e+00	3.980911e+00
2.000000e+00	2.200000e+00	2.345082e+02	3.933686e+00	3.933686e+00
2.200000e+00	2.400000e+00	2.185400e+02	3.797396e+00	3.797396e+00
2.400000e+00	2.600000e+00	2.091751e+02	3.715186e+00	3.715186e+00
2.600000e+00	2.800000e+00	1.961707e+02	3.597799e+00	3.597799e+00
2.800000e+00	3.000000e+00	1.792174e+02	3.438869e+00	3.438869e+00
3.000000e+00	3.200000e+00	1.651578e+02	3.301177e+00	3.301177e+00
3.200000e+00	3.400000e+00	1.530847e+02	3.178249e+00	3.178249e+00
3.400000e+00	3.600000e+00	1.313765e+02	2.944302e+00	2.944302e+00
3.600000e+00	3.800000e+00	1.123699e+02	2.722969e+00	2.722969e+00
3.800000e+00	4.000000e+00	9.660110e+01	2.524711e+00	2.524711e+00
4.000000e+00	4.200000e+00	7.720485e+01	2.257105e+00	2.257105e+00
4.200000e+00	4.400000e+00	6.380695e+01	2.051894e+00	2.051894e+00
4.400000e+00	4.600000e+00	5.087260e+01	1.832133e+00	1.832133e+00
4.600000e+00	4.800000e+00	3.708154e+01	1.564191e+00	1.564191e+00
4.800000e+00	5.000000e+00	2.929844e+01	1.390443e+00	1.390443e+00
# END HISTO1D

