# BEGIN PLOT
Legend=1
LogY=1
Title=Transverse momentum of leading electron
XLabel=$p_\perp(\mathrm{e1})$ [GeV]
YLabel=$\mathrm{d}\sigma/\mathrm{d}p_\perp(\mathrm{e1})$ [pb/GeV]
LogX=1
LegendXPos=0.05
LegendYPos=0.5
XMin=20.0
RemoveOptions=1
DrawOnly=//data9/Users/choij/cms-mg4gpu-integration/genValidation/DY01234j_13TeV_MG2918/merged.yoda.gz/MC_ELECTRONS:ENERGY=13000/electron_pt_1 //data9/Users/choij/cms-mg4gpu-integration/genValidation/DY01234j_13TeV_MG356/merged.yoda.gz/MC_ELECTRONS:ENERGY=13000/electron_pt_1 //data9/Users/choij/cms-mg4gpu-integration/genValidation/DY01234j_13p6TeV_MG356_noPrimodialKT/merged.yoda.gz/MC_ELECTRONS:ENERGY=13000/electron_pt_1 //data9/Users/choij/cms-mg4gpu-integration/genValidation/DY01234j_13p6TeV_MG356/merged.yoda.gz/MC_ELECTRONS:ENERGY=13000/electron_pt_1
LegendOnly=//data9/Users/choij/cms-mg4gpu-integration/genValidation/DY01234j_13TeV_MG2918/merged.yoda.gz/MC_ELECTRONS:ENERGY=13000/electron_pt_1 //data9/Users/choij/cms-mg4gpu-integration/genValidation/DY01234j_13TeV_MG356/merged.yoda.gz/MC_ELECTRONS:ENERGY=13000/electron_pt_1 //data9/Users/choij/cms-mg4gpu-integration/genValidation/DY01234j_13p6TeV_MG356_noPrimodialKT/merged.yoda.gz/MC_ELECTRONS:ENERGY=13000/electron_pt_1 //data9/Users/choij/cms-mg4gpu-integration/genValidation/DY01234j_13p6TeV_MG356/merged.yoda.gz/MC_ELECTRONS:ENERGY=13000/electron_pt_1
RatioPlot=1
RatioPlotReference=//data9/Users/choij/cms-mg4gpu-integration/genValidation/DY01234j_13TeV_MG2918/merged.yoda.gz/MC_ELECTRONS:ENERGY=13000/electron_pt_1
RatioPlotYLabel=Ratio
# END PLOT

# BEGIN HISTO1D //data9/Users/choij/cms-mg4gpu-integration/genValidation/DY01234j_13TeV_MG2918/merged.yoda.gz/MC_ELECTRONS:ENERGY=13000/electron_pt_1
ErrorBars=1
LineColor=red
LineStyle=solid
Path=//data9/Users/choij/cms-mg4gpu-integration/genValidation/DY01234j_13TeV_MG2918/merged.yoda.gz/MC_ELECTRONS:ENERGY=13000/electron_pt_1
ScaledBy=1.00001639083033487e-06
Title=MG2918_13TeV
# xlow	 xhigh	 val	 errminus	 errplus
1.000000e+00	1.084224e+00	3.017981e+02	6.668864e+00	6.668864e+00
1.084224e+00	1.175541e+00	2.475120e+02	5.800181e+00	5.800181e+00
1.175541e+00	1.274549e+00	2.114826e+02	5.148934e+00	5.148934e+00
1.274549e+00	1.381896e+00	1.860358e+02	4.637875e+00	4.637875e+00
1.381896e+00	1.498284e+00	1.586828e+02	4.113663e+00	4.113663e+00
1.498284e+00	1.624475e+00	1.341642e+02	3.632700e+00	3.632700e+00
1.624475e+00	1.761294e+00	1.073197e+02	3.120235e+00	3.120235e+00
1.761294e+00	1.909636e+00	9.504941e+01	2.820074e+00	2.820074e+00
1.909636e+00	2.070473e+00	8.072054e+01	2.495851e+00	2.495851e+00
2.070473e+00	2.244855e+00	7.701449e+01	2.341312e+00	2.341312e+00
2.244855e+00	2.433925e+00	6.892569e+01	2.127095e+00	2.127095e+00
2.433925e+00	2.638919e+00	5.461374e+01	1.818440e+00	1.818440e+00
2.638919e+00	2.861178e+00	5.416892e+01	1.739260e+00	1.739260e+00
2.861178e+00	3.102156e+00	4.692080e+01	1.554557e+00	1.554557e+00
3.102156e+00	3.363431e+00	4.375061e+01	1.441632e+00	1.441632e+00
3.363431e+00	3.646711e+00	4.411886e+01	1.390304e+00	1.390304e+00
3.646711e+00	3.953850e+00	3.903884e+01	1.256055e+00	1.256055e+00
3.953850e+00	4.286857e+00	3.794539e+01	1.189283e+00	1.189283e+00
4.286857e+00	4.647911e+00	3.685244e+01	1.125562e+00	1.125562e+00
4.647911e+00	5.039375e+00	3.424243e+01	1.041965e+00	1.041965e+00
5.039375e+00	5.463809e+00	3.553080e+01	1.019335e+00	1.019335e+00
5.463809e+00	5.923990e+00	3.536013e+01	9.765910e-01	9.765910e-01
5.923990e+00	6.422930e+00	3.219038e+01	8.948688e-01	8.948688e-01
6.422930e+00	6.963892e+00	3.356541e+01	8.775465e-01	8.775465e-01
6.963892e+00	7.550415e+00	3.055844e+01	8.041700e-01	8.041700e-01
7.550415e+00	8.186338e+00	2.970754e+01	7.614822e-01	7.614822e-01
8.186338e+00	8.875820e+00	3.067468e+01	7.430970e-01	7.430970e-01
8.875820e+00	9.623373e+00	3.043419e+01	7.108545e-01	7.108545e-01
9.623373e+00	1.043389e+01	3.067304e+01	6.853567e-01	6.853567e-01
1.043389e+01	1.131267e+01	3.002788e+01	6.512434e-01	6.512434e-01
1.131267e+01	1.226546e+01	3.014305e+01	6.266225e-01	6.266225e-01
1.226546e+01	1.329850e+01	2.960345e+01	5.963789e-01	5.963789e-01
1.329850e+01	1.441855e+01	3.083959e+01	5.845912e-01	5.845912e-01
1.441855e+01	1.563293e+01	3.080523e+01	5.611166e-01	5.611166e-01
1.563293e+01	1.694959e+01	3.162542e+01	5.459972e-01	5.459972e-01
1.694959e+01	1.837714e+01	3.141351e+01	5.226161e-01	5.226161e-01
1.837714e+01	1.992493e+01	3.258135e+01	5.111472e-01	5.111472e-01
1.992493e+01	2.160308e+01	3.301624e+01	4.941580e-01	4.941580e-01
2.160308e+01	2.342257e+01	3.376648e+01	4.799362e-01	4.799362e-01
2.342257e+01	2.539530e+01	3.542236e+01	4.720886e-01	4.720886e-01
2.539530e+01	2.753418e+01	3.686584e+01	4.625247e-01	4.625247e-01
2.753418e+01	2.985321e+01	3.894209e+01	4.565341e-01	4.565341e-01
2.985321e+01	3.236755e+01	3.960927e+01	4.421825e-01	4.421825e-01
3.236755e+01	3.509366e+01	4.115032e+01	4.328498e-01	4.328498e-01
3.509366e+01	3.804937e+01	4.555376e+01	4.373707e-01	4.373707e-01
3.804937e+01	4.125403e+01	5.144992e+01	4.463963e-01	4.463963e-01
4.125403e+01	4.472859e+01	6.094870e+01	4.666054e-01	4.666054e-01
4.472859e+01	4.849579e+01	6.547845e+01	4.644681e-01	4.644681e-01
4.849579e+01	5.258027e+01	3.244440e+01	3.139896e-01	3.139896e-01
5.258027e+01	5.700877e+01	1.652186e+01	2.151877e-01	2.151877e-01
5.700877e+01	6.181025e+01	9.662698e+00	1.580444e-01	1.580444e-01
6.181025e+01	6.701613e+01	5.805460e+00	1.176488e-01	1.176488e-01
6.701613e+01	7.266047e+01	4.081409e+00	9.473740e-02	9.473740e-02
7.266047e+01	7.878019e+01	2.381137e+00	6.949455e-02	6.949455e-02
7.878019e+01	8.541534e+01	1.677977e+00	5.602608e-02	5.602608e-02
8.541534e+01	9.260932e+01	1.206011e+00	4.561556e-02	4.561556e-02
9.260932e+01	1.004092e+02	8.020398e-01	3.572572e-02	3.572572e-02
1.004092e+02	1.088660e+02	5.679251e-01	2.886927e-02	2.886927e-02
1.088660e+02	1.180351e+02	4.128522e-01	2.363986e-02	2.363986e-02
1.180351e+02	1.279764e+02	2.783740e-01	1.864131e-02	1.864131e-02
1.279764e+02	1.387551e+02	1.911339e-01	1.483488e-02	1.483488e-02
1.387551e+02	1.504415e+02	1.041044e-01	1.051614e-02	1.051614e-02
1.504415e+02	1.631122e+02	7.835871e-02	8.760777e-03	8.760777e-03
1.631122e+02	1.768501e+02	5.513166e-02	7.058890e-03	7.058890e-03
1.768501e+02	1.917451e+02	4.166190e-02	5.891885e-03	5.891885e-03
1.917451e+02	2.078945e+02	2.228632e-02	4.138467e-03	4.138467e-03
2.078945e+02	2.254041e+02	1.913297e-02	3.682143e-03	3.682143e-03
2.254041e+02	2.443885e+02	9.803112e-03	2.531153e-03	2.531153e-03
2.443885e+02	2.649717e+02	5.429617e-03	1.809875e-03	1.809875e-03
2.649717e+02	2.872886e+02	5.560571e-03	1.758410e-03	1.758410e-03
2.872886e+02	3.114850e+02	5.128172e-03	1.621672e-03	1.621672e-03
3.114850e+02	3.377194e+02	1.890343e-03	9.451721e-04	9.451721e-04
3.377194e+02	3.661633e+02	8.728975e-04	6.172317e-04	6.172317e-04
3.661633e+02	3.970029e+02	2.013237e-03	9.003471e-04	9.003471e-04
3.970029e+02	4.304399e+02	7.432009e-04	5.255225e-04	5.255225e-04
4.304399e+02	4.666931e+02	0.000000e+00	0.000000e+00	0.000000e+00
4.666931e+02	5.059996e+02	0.000000e+00	0.000000e+00	0.000000e+00
5.059996e+02	5.486167e+02	0.000000e+00	0.000000e+00	0.000000e+00
5.486167e+02	5.948231e+02	0.000000e+00	0.000000e+00	0.000000e+00
5.948231e+02	6.449213e+02	0.000000e+00	0.000000e+00	0.000000e+00
6.449213e+02	6.992388e+02	0.000000e+00	0.000000e+00	0.000000e+00
6.992388e+02	7.581312e+02	0.000000e+00	0.000000e+00	0.000000e+00
7.581312e+02	8.219837e+02	1.943354e-04	1.943354e-04	1.943354e-04
8.219837e+02	8.912140e+02	0.000000e+00	0.000000e+00	0.000000e+00
8.912140e+02	9.662753e+02	0.000000e+00	0.000000e+00	0.000000e+00
9.662753e+02	1.047658e+03	0.000000e+00	0.000000e+00	0.000000e+00
1.047658e+03	1.135896e+03	0.000000e+00	0.000000e+00	0.000000e+00
1.135896e+03	1.231565e+03	0.000000e+00	0.000000e+00	0.000000e+00
1.231565e+03	1.335292e+03	0.000000e+00	0.000000e+00	0.000000e+00
1.335292e+03	1.447755e+03	0.000000e+00	0.000000e+00	0.000000e+00
1.447755e+03	1.569690e+03	0.000000e+00	0.000000e+00	0.000000e+00
1.569690e+03	1.701895e+03	0.000000e+00	0.000000e+00	0.000000e+00
1.701895e+03	1.845234e+03	0.000000e+00	0.000000e+00	0.000000e+00
1.845234e+03	2.000647e+03	0.000000e+00	0.000000e+00	0.000000e+00
2.000647e+03	2.169148e+03	0.000000e+00	0.000000e+00	0.000000e+00
2.169148e+03	2.351841e+03	0.000000e+00	0.000000e+00	0.000000e+00
2.351841e+03	2.549922e+03	0.000000e+00	0.000000e+00	0.000000e+00
2.549922e+03	2.764685e+03	0.000000e+00	0.000000e+00	0.000000e+00
2.764685e+03	2.997537e+03	0.000000e+00	0.000000e+00	0.000000e+00
2.997537e+03	3.250000e+03	0.000000e+00	0.000000e+00	0.000000e+00
# END HISTO1D


# BEGIN HISTO1D //data9/Users/choij/cms-mg4gpu-integration/genValidation/DY01234j_13TeV_MG356/merged.yoda.gz/MC_ELECTRONS:ENERGY=13000/electron_pt_1
ErrorBars=1
LineColor=blue
LineStyle=solid
Path=//data9/Users/choij/cms-mg4gpu-integration/genValidation/DY01234j_13TeV_MG356/merged.yoda.gz/MC_ELECTRONS:ENERGY=13000/electron_pt_1
ScaledBy=1.00000391479478877e-06
Title=MG356_13TeV
# xlow	 xhigh	 val	 errminus	 errplus
1.000000e+00	1.084224e+00	2.991369e+02	6.639299e+00	6.639299e+00
1.084224e+00	1.175541e+00	2.523899e+02	5.856881e+00	5.856881e+00
1.175541e+00	1.274549e+00	1.996836e+02	5.003048e+00	5.003048e+00
1.274549e+00	1.381896e+00	1.797829e+02	4.559145e+00	4.559145e+00
1.381896e+00	1.498284e+00	1.622956e+02	4.160061e+00	4.160061e+00
1.498284e+00	1.624475e+00	1.369987e+02	3.670633e+00	3.670633e+00
1.624475e+00	1.761294e+00	1.122055e+02	3.190285e+00	3.190285e+00
1.761294e+00	1.909636e+00	9.948288e+01	2.885078e+00	2.885078e+00
1.909636e+00	2.070473e+00	8.488202e+01	2.559290e+00	2.559290e+00
2.070473e+00	2.244855e+00	7.714804e+01	2.343206e+00	2.343206e+00
2.244855e+00	2.433925e+00	6.433041e+01	2.054960e+00	2.054960e+00
2.433925e+00	2.638919e+00	5.817775e+01	1.876702e+00	1.876702e+00
2.638919e+00	2.861178e+00	5.662281e+01	1.778167e+00	1.778167e+00
2.861178e+00	3.102156e+00	4.769162e+01	1.567244e+00	1.567244e+00
3.102156e+00	3.363431e+00	4.559759e+01	1.471657e+00	1.471657e+00
3.363431e+00	3.646711e+00	4.087616e+01	1.338226e+00	1.338226e+00
3.646711e+00	3.953850e+00	4.198213e+01	1.302438e+00	1.302438e+00
3.953850e+00	4.286857e+00	3.704586e+01	1.175024e+00	1.175024e+00
4.286857e+00	4.647911e+00	3.602400e+01	1.112786e+00	1.112786e+00
4.647911e+00	5.039375e+00	3.614192e+01	1.070432e+00	1.070432e+00
5.039375e+00	5.463809e+00	3.333501e+01	9.872983e-01	9.872983e-01
5.463809e+00	5.923990e+00	3.298337e+01	9.431527e-01	9.431527e-01
5.923990e+00	6.422930e+00	3.295815e+01	9.054302e-01	9.054302e-01
6.422930e+00	6.963892e+00	3.117799e+01	8.457434e-01	8.457434e-01
6.963892e+00	7.550415e+00	3.317907e+01	8.378988e-01	8.378988e-01
7.550415e+00	8.186338e+00	3.124473e+01	7.808745e-01	7.808745e-01
8.186338e+00	8.875820e+00	3.002571e+01	7.351833e-01	7.351833e-01
8.875820e+00	9.623373e+00	2.989986e+01	7.045511e-01	7.045511e-01
9.623373e+00	1.043389e+01	3.041050e+01	6.823924e-01	6.823924e-01
1.043389e+01	1.131267e+01	3.067558e+01	6.582080e-01	6.582080e-01
1.131267e+01	1.226546e+01	2.907419e+01	6.154046e-01	6.154046e-01
1.226546e+01	1.329850e+01	3.085140e+01	6.088042e-01	6.088042e-01
1.329850e+01	1.441855e+01	3.043795e+01	5.807461e-01	5.807461e-01
1.441855e+01	1.563293e+01	2.989301e+01	5.527221e-01	5.527221e-01
1.563293e+01	1.694959e+01	3.039874e+01	5.352922e-01	5.352922e-01
1.694959e+01	1.837714e+01	3.197590e+01	5.272507e-01	5.272507e-01
1.837714e+01	1.992493e+01	3.144824e+01	5.021607e-01	5.021607e-01
1.992493e+01	2.160308e+01	3.280013e+01	4.925258e-01	4.925258e-01
2.160308e+01	2.342257e+01	3.533199e+01	4.909117e-01	4.909117e-01
2.342257e+01	2.539530e+01	3.579738e+01	4.745646e-01	4.745646e-01
2.539530e+01	2.753418e+01	3.654967e+01	4.605193e-01	4.605193e-01
2.753418e+01	2.985321e+01	3.892316e+01	4.564062e-01	4.564062e-01
2.985321e+01	3.236755e+01	3.984390e+01	4.434774e-01	4.434774e-01
3.236755e+01	3.509366e+01	4.232474e+01	4.389582e-01	4.389582e-01
3.509366e+01	3.804937e+01	4.522626e+01	4.357754e-01	4.357754e-01
3.804937e+01	4.125403e+01	5.103122e+01	4.445573e-01	4.445573e-01
4.125403e+01	4.472859e+01	6.177979e+01	4.697576e-01	4.697576e-01
4.472859e+01	4.849579e+01	6.546077e+01	4.643894e-01	4.643894e-01
4.849579e+01	5.258027e+01	3.211652e+01	3.123857e-01	3.123857e-01
5.258027e+01	5.700877e+01	1.656261e+01	2.154444e-01	2.154444e-01
5.700877e+01	6.181025e+01	9.728909e+00	1.585767e-01	1.585767e-01
6.181025e+01	6.701613e+01	5.983897e+00	1.194394e-01	1.194394e-01
6.701613e+01	7.266047e+01	3.887369e+00	9.245170e-02	9.245170e-02
7.266047e+01	7.878019e+01	2.539160e+00	7.176095e-02	7.176095e-02
7.878019e+01	8.541534e+01	1.569344e+00	5.417979e-02	5.417979e-02
8.541534e+01	9.260932e+01	1.238682e+00	4.622724e-02	4.622724e-02
9.260932e+01	1.004092e+02	8.305302e-01	3.635134e-02	3.635134e-02
1.004092e+02	1.088660e+02	5.738136e-01	2.901902e-02	2.901902e-02
1.088660e+02	1.180351e+02	3.938846e-01	2.308993e-02	2.308993e-02
1.180351e+02	1.279764e+02	2.559500e-01	1.787634e-02	1.787634e-02
1.279764e+02	1.387551e+02	1.876908e-01	1.470108e-02	1.470108e-02
1.387551e+02	1.504415e+02	1.263867e-01	1.158586e-02	1.158586e-02
1.504415e+02	1.631122e+02	9.598649e-02	9.696104e-03	9.696104e-03
1.631122e+02	1.768501e+02	4.877814e-02	6.637868e-03	6.637868e-03
1.768501e+02	1.917451e+02	4.415498e-02	6.065157e-03	6.065157e-03
1.917451e+02	2.078945e+02	2.382087e-02	4.278356e-03	4.278356e-03
2.078945e+02	2.254041e+02	1.488476e-02	3.248122e-03	3.248122e-03
2.254041e+02	2.443885e+02	8.497382e-03	2.356751e-03	2.356751e-03
2.443885e+02	2.649717e+02	8.439538e-03	2.255563e-03	2.255563e-03
2.649717e+02	2.872886e+02	1.668298e-03	9.631927e-04	9.631927e-04
2.872886e+02	3.114850e+02	4.101692e-03	1.450168e-03	1.450168e-03
3.114850e+02	3.377194e+02	9.465282e-04	6.692967e-04	6.692967e-04
3.377194e+02	3.661633e+02	1.744701e-03	8.723506e-04	8.723506e-04
3.661633e+02	3.970029e+02	1.207063e-03	6.968988e-04	6.968988e-04
3.970029e+02	4.304399e+02	3.705072e-04	3.705072e-04	3.705072e-04
4.304399e+02	4.666931e+02	0.000000e+00	0.000000e+00	0.000000e+00
4.666931e+02	5.059996e+02	3.156285e-04	3.156284e-04	3.156284e-04
5.059996e+02	5.486167e+02	2.907835e-04	2.907835e-04	2.907835e-04
5.486167e+02	5.948231e+02	0.000000e+00	0.000000e+00	0.000000e+00
5.948231e+02	6.449213e+02	0.000000e+00	0.000000e+00	0.000000e+00
6.449213e+02	6.992388e+02	0.000000e+00	0.000000e+00	0.000000e+00
6.992388e+02	7.581312e+02	0.000000e+00	0.000000e+00	0.000000e+00
7.581312e+02	8.219837e+02	0.000000e+00	0.000000e+00	0.000000e+00
8.219837e+02	8.912140e+02	0.000000e+00	0.000000e+00	0.000000e+00
8.912140e+02	9.662753e+02	0.000000e+00	0.000000e+00	0.000000e+00
9.662753e+02	1.047658e+03	0.000000e+00	0.000000e+00	0.000000e+00
1.047658e+03	1.135896e+03	0.000000e+00	0.000000e+00	0.000000e+00
1.135896e+03	1.231565e+03	0.000000e+00	0.000000e+00	0.000000e+00
1.231565e+03	1.335292e+03	0.000000e+00	0.000000e+00	0.000000e+00
1.335292e+03	1.447755e+03	0.000000e+00	0.000000e+00	0.000000e+00
1.447755e+03	1.569690e+03	0.000000e+00	0.000000e+00	0.000000e+00
1.569690e+03	1.701895e+03	0.000000e+00	0.000000e+00	0.000000e+00
1.701895e+03	1.845234e+03	0.000000e+00	0.000000e+00	0.000000e+00
1.845234e+03	2.000647e+03	0.000000e+00	0.000000e+00	0.000000e+00
2.000647e+03	2.169148e+03	0.000000e+00	0.000000e+00	0.000000e+00
2.169148e+03	2.351841e+03	0.000000e+00	0.000000e+00	0.000000e+00
2.351841e+03	2.549922e+03	0.000000e+00	0.000000e+00	0.000000e+00
2.549922e+03	2.764685e+03	0.000000e+00	0.000000e+00	0.000000e+00
2.764685e+03	2.997537e+03	0.000000e+00	0.000000e+00	0.000000e+00
2.997537e+03	3.250000e+03	0.000000e+00	0.000000e+00	0.000000e+00
# END HISTO1D


# BEGIN HISTO1D //data9/Users/choij/cms-mg4gpu-integration/genValidation/DY01234j_13p6TeV_MG356_noPrimodialKT/merged.yoda.gz/MC_ELECTRONS:ENERGY=13000/electron_pt_1
ErrorBars=1
LineColor=green
LineStyle=solid
Path=//data9/Users/choij/cms-mg4gpu-integration/genValidation/DY01234j_13p6TeV_MG356_noPrimodialKT/merged.yoda.gz/MC_ELECTRONS:ENERGY=13000/electron_pt_1
ScaledBy=1.00001010505697575e-06
Title=MG356_13p6TeV
# xlow	 xhigh	 val	 errminus	 errplus
1.000000e+00	1.084713e+00	3.139038e+02	6.991198e+00	6.991198e+00
1.084713e+00	1.176602e+00	2.705823e+02	6.232239e+00	6.232239e+00
1.176602e+00	1.276275e+00	2.374045e+02	5.605031e+00	5.605031e+00
1.276275e+00	1.384392e+00	1.988537e+02	4.925384e+00	4.925384e+00
1.384392e+00	1.501668e+00	1.599280e+02	4.241066e+00	4.241066e+00
1.501668e+00	1.628879e+00	1.445358e+02	3.871190e+00	3.871190e+00
1.628879e+00	1.766866e+00	1.207254e+02	3.397013e+00	3.397013e+00
1.766866e+00	1.916542e+00	1.095338e+02	3.106797e+00	3.106797e+00
1.916542e+00	2.078898e+00	8.993095e+01	2.702936e+00	2.702936e+00
2.078898e+00	2.255007e+00	7.991335e+01	2.446455e+00	2.446455e+00
2.255007e+00	2.446035e+00	6.573063e+01	2.130343e+00	2.130343e+00
2.446035e+00	2.653246e+00	6.269986e+01	1.997784e+00	1.997784e+00
2.653246e+00	2.878010e+00	5.780325e+01	1.841765e+00	1.841765e+00
2.878010e+00	3.121814e+00	5.350630e+01	1.701403e+00	1.701403e+00
3.121814e+00	3.386272e+00	4.648598e+01	1.522700e+00	1.522700e+00
3.386272e+00	3.673133e+00	4.482990e+01	1.435706e+00	1.435706e+00
3.673133e+00	3.984294e+00	4.124804e+01	1.322352e+00	1.322352e+00
3.984294e+00	4.321815e+00	4.009433e+01	1.251727e+00	1.251727e+00
4.321815e+00	4.687929e+00	3.847498e+01	1.177316e+00	1.177316e+00
4.687929e+00	5.085057e+00	3.799631e+01	1.123386e+00	1.123386e+00
5.085057e+00	5.515826e+00	3.524248e+01	1.038794e+00	1.038794e+00
5.515826e+00	5.983088e+00	3.537121e+01	9.992509e-01	9.992509e-01
5.983088e+00	6.489932e+00	3.523662e+01	9.576024e-01	9.576024e-01
6.489932e+00	7.039713e+00	3.521808e+01	9.191849e-01	9.191849e-01
7.039713e+00	7.636067e+00	3.273398e+01	8.508798e-01	8.508798e-01
7.636067e+00	8.282940e+00	3.327644e+01	8.237153e-01	8.237153e-01
8.282940e+00	8.984612e+00	3.320010e+01	7.900314e-01	7.900314e-01
8.984612e+00	9.745724e+00	3.126414e+01	7.360857e-01	7.360857e-01
9.745724e+00	1.057131e+01	3.291031e+01	7.251011e-01	7.251011e-01
1.057131e+01	1.146684e+01	3.134210e+01	6.794267e-01	6.794267e-01
1.146684e+01	1.243823e+01	3.128614e+01	6.517949e-01	6.517949e-01
1.243823e+01	1.349190e+01	3.174630e+01	6.304035e-01	6.304035e-01
1.349190e+01	1.463484e+01	3.119368e+01	5.999897e-01	5.999897e-01
1.463484e+01	1.587460e+01	3.216244e+01	5.849654e-01	5.849654e-01
1.587460e+01	1.721938e+01	3.307299e+01	5.695474e-01	5.695474e-01
1.721938e+01	1.867809e+01	3.303108e+01	5.465101e-01	5.465101e-01
1.867809e+01	2.026036e+01	3.431983e+01	5.348783e-01	5.348783e-01
2.026036e+01	2.197668e+01	3.455093e+01	5.152844e-01	5.152844e-01
2.197668e+01	2.383838e+01	3.702604e+01	5.121803e-01	5.121803e-01
2.383838e+01	2.585780e+01	3.790238e+01	4.975543e-01	4.975543e-01
2.585780e+01	2.804829e+01	3.907939e+01	4.850938e-01	4.850938e-01
2.804829e+01	3.042434e+01	4.086238e+01	4.762726e-01	4.762726e-01
3.042434e+01	3.300167e+01	4.209849e+01	4.641650e-01	4.641650e-01
3.300167e+01	3.579734e+01	4.451902e+01	4.583023e-01	4.583023e-01
3.579734e+01	3.882983e+01	4.922822e+01	4.627320e-01	4.627320e-01
3.882983e+01	4.211922e+01	5.505966e+01	4.698755e-01	4.698755e-01
4.211922e+01	4.568726e+01	6.951985e+01	5.069450e-01	5.069450e-01
4.568726e+01	4.955756e+01	5.937731e+01	4.498413e-01	4.498413e-01
4.955756e+01	5.375572e+01	2.729886e+01	2.928599e-01	2.928599e-01
5.375572e+01	5.830952e+01	1.499476e+01	2.084014e-01	2.084014e-01
5.830952e+01	6.324909e+01	8.972190e+00	1.547851e-01	1.547851e-01
6.324909e+01	6.860710e+01	5.627696e+00	1.177044e-01	1.177044e-01
6.860710e+01	7.441900e+01	3.456357e+00	8.856638e-02	8.856638e-02
7.441900e+01	8.072325e+01	2.548308e+00	7.301777e-02	7.301777e-02
8.072325e+01	8.756154e+01	1.693475e+00	5.715206e-02	5.715206e-02
8.756154e+01	9.497913e+01	1.123860e+00	4.470476e-02	4.470476e-02
9.497913e+01	1.030251e+02	7.819837e-01	3.580459e-02	3.580459e-02
1.030251e+02	1.117526e+02	5.289532e-01	2.827375e-02	2.827375e-02
1.117526e+02	1.212195e+02	3.706314e-01	2.272488e-02	2.272488e-02
1.212195e+02	1.314884e+02	2.581645e-01	1.820953e-02	1.820953e-02
1.314884e+02	1.426271e+02	1.764512e-01	1.445545e-02	1.445545e-02
1.426271e+02	1.547095e+02	1.233569e-01	1.160445e-02	1.160445e-02
1.547095e+02	1.678154e+02	8.755240e-02	9.386612e-03	9.386612e-03
1.678154e+02	1.820315e+02	5.382608e-02	7.067717e-03	7.067717e-03
1.820315e+02	1.974519e+02	3.934613e-02	5.801274e-03	5.801274e-03
1.974519e+02	2.141786e+02	1.656379e-02	3.614518e-03	3.614518e-03
2.141786e+02	2.323223e+02	1.308052e-02	3.083111e-03	3.083111e-03
2.323223e+02	2.520030e+02	1.608586e-02	3.283514e-03	3.283514e-03
2.520030e+02	2.733509e+02	8.647380e-03	2.311111e-03	2.311111e-03
2.733509e+02	2.965072e+02	5.123452e-03	1.707818e-03	1.707818e-03
2.965072e+02	3.216252e+02	4.198981e-03	1.484565e-03	1.484565e-03
3.216252e+02	3.488710e+02	9.683977e-04	6.847611e-04	6.847611e-04
3.488710e+02	3.784248e+02	2.231993e-03	9.981778e-04	9.981778e-04
3.784248e+02	4.104823e+02	1.233278e-03	7.120334e-04	7.120334e-04
4.104823e+02	4.452554e+02	3.794120e-04	3.794120e-04	3.794120e-04
4.452554e+02	4.829743e+02	0.000000e+00	0.000000e+00	0.000000e+00
4.829743e+02	5.238884e+02	0.000000e+00	0.000000e+00	0.000000e+00
5.238884e+02	5.682685e+02	0.000000e+00	0.000000e+00	0.000000e+00
5.682685e+02	6.164081e+02	2.742135e-04	2.742136e-04	2.742136e-04
6.164081e+02	6.686258e+02	0.000000e+00	0.000000e+00	0.000000e+00
6.686258e+02	7.252670e+02	2.327975e-04	2.327975e-04	2.327975e-04
7.252670e+02	7.867065e+02	0.000000e+00	0.000000e+00	0.000000e+00
7.867065e+02	8.533506e+02	0.000000e+00	0.000000e+00	0.000000e+00
8.533506e+02	9.256404e+02	0.000000e+00	0.000000e+00	0.000000e+00
9.256404e+02	1.004054e+03	0.000000e+00	0.000000e+00	0.000000e+00
1.004054e+03	1.089110e+03	0.000000e+00	0.000000e+00	0.000000e+00
1.089110e+03	1.181372e+03	0.000000e+00	0.000000e+00	0.000000e+00
1.181372e+03	1.281449e+03	0.000000e+00	0.000000e+00	0.000000e+00
1.281449e+03	1.390005e+03	0.000000e+00	0.000000e+00	0.000000e+00
1.390005e+03	1.507756e+03	0.000000e+00	0.000000e+00	0.000000e+00
1.507756e+03	1.635482e+03	0.000000e+00	0.000000e+00	0.000000e+00
1.635482e+03	1.774029e+03	0.000000e+00	0.000000e+00	0.000000e+00
1.774029e+03	1.924312e+03	0.000000e+00	0.000000e+00	0.000000e+00
1.924312e+03	2.087326e+03	0.000000e+00	0.000000e+00	0.000000e+00
2.087326e+03	2.264149e+03	0.000000e+00	0.000000e+00	0.000000e+00
2.264149e+03	2.455951e+03	0.000000e+00	0.000000e+00	0.000000e+00
2.455951e+03	2.664002e+03	0.000000e+00	0.000000e+00	0.000000e+00
2.664002e+03	2.889677e+03	0.000000e+00	0.000000e+00	0.000000e+00
2.889677e+03	3.134470e+03	0.000000e+00	0.000000e+00	0.000000e+00
3.134470e+03	3.400000e+03	0.000000e+00	0.000000e+00	0.000000e+00
# END HISTO1D


# BEGIN HISTO1D //data9/Users/choij/cms-mg4gpu-integration/genValidation/DY01234j_13p6TeV_MG356/merged.yoda.gz/MC_ELECTRONS:ENERGY=13000/electron_pt_1
ErrorBars=1
LineColor=orange
LineStyle=solid
Path=//data9/Users/choij/cms-mg4gpu-integration/genValidation/DY01234j_13p6TeV_MG356/merged.yoda.gz/MC_ELECTRONS:ENERGY=13000/electron_pt_1
ScaledBy=1.00002898559791416e-06
Title=MG356_13p6TeV_primordialKT
# xlow	 xhigh	 val	 errminus	 errplus
1.000000e+00	1.084713e+00	3.227888e+02	7.091267e+00	7.091267e+00
1.084713e+00	1.176602e+00	2.840856e+02	6.387580e+00	6.387580e+00
1.176602e+00	1.276275e+00	2.401770e+02	5.639140e+00	5.639140e+00
1.276275e+00	1.384392e+00	2.084861e+02	5.044678e+00	5.044678e+00
1.384392e+00	1.501668e+00	1.735146e+02	4.418694e+00	4.418694e+00
1.501668e+00	1.628879e+00	1.439848e+02	3.864757e+00	3.864757e+00
1.628879e+00	1.766866e+00	1.269117e+02	3.483905e+00	3.483905e+00
1.766866e+00	1.916542e+00	1.021893e+02	3.001676e+00	3.001676e+00
1.916542e+00	2.078898e+00	9.592057e+01	2.792356e+00	2.792356e+00
2.078898e+00	2.255007e+00	8.138187e+01	2.469523e+00	2.469523e+00
2.255007e+00	2.446035e+00	6.666614e+01	2.146060e+00	2.146060e+00
2.446035e+00	2.653246e+00	6.330480e+01	2.007907e+00	2.007907e+00
2.653246e+00	2.878010e+00	5.883438e+01	1.858649e+00	1.858649e+00
2.878010e+00	3.121814e+00	5.385572e+01	1.707342e+00	1.707342e+00
3.121814e+00	3.386272e+00	4.745219e+01	1.538744e+00	1.538744e+00
3.386272e+00	3.673133e+00	4.586765e+01	1.452644e+00	1.452644e+00
3.673133e+00	3.984294e+00	4.457483e+01	1.374956e+00	1.374956e+00
3.984294e+00	4.321815e+00	4.004020e+01	1.251257e+00	1.251257e+00
4.321815e+00	4.687929e+00	3.856739e+01	1.179040e+00	1.179040e+00
4.687929e+00	5.085057e+00	3.582175e+01	1.091032e+00	1.091032e+00
5.085057e+00	5.515826e+00	3.716068e+01	1.066973e+00	1.066973e+00
5.515826e+00	5.983088e+00	3.406140e+01	9.808193e-01	9.808193e-01
5.983088e+00	6.489932e+00	3.626891e+01	9.717606e-01	9.717606e-01
6.489932e+00	7.039713e+00	3.365327e+01	8.987806e-01	8.987806e-01
7.039713e+00	7.636067e+00	3.301712e+01	8.547814e-01	8.547814e-01
7.636067e+00	8.282940e+00	3.162180e+01	8.031952e-01	8.031952e-01
8.282940e+00	8.984612e+00	3.253752e+01	7.822790e-01	7.822790e-01
8.984612e+00	9.745724e+00	3.138426e+01	7.376882e-01	7.376882e-01
9.745724e+00	1.057131e+01	3.067611e+01	7.002660e-01	7.002660e-01
1.057131e+01	1.146684e+01	3.094602e+01	6.752978e-01	6.752978e-01
1.146684e+01	1.243823e+01	3.170683e+01	6.563004e-01	6.563004e-01
1.243823e+01	1.349190e+01	3.205142e+01	6.335958e-01	6.335958e-01
1.349190e+01	1.463484e+01	3.103738e+01	5.986467e-01	5.986467e-01
1.463484e+01	1.587460e+01	3.182875e+01	5.820820e-01	5.820820e-01
1.587460e+01	1.721938e+01	3.242312e+01	5.640728e-01	5.640728e-01
1.721938e+01	1.867809e+01	3.312988e+01	5.474708e-01	5.474708e-01
1.867809e+01	2.026036e+01	3.314424e+01	5.257682e-01	5.257682e-01
2.026036e+01	2.197668e+01	3.523839e+01	5.205247e-01	5.205247e-01
2.197668e+01	2.383838e+01	3.535142e+01	5.005960e-01	5.005960e-01
2.383838e+01	2.585780e+01	3.815086e+01	4.993126e-01	4.993126e-01
2.585780e+01	2.804829e+01	3.910571e+01	4.853830e-01	4.853830e-01
2.804829e+01	3.042434e+01	4.047855e+01	4.741556e-01	4.741556e-01
3.042434e+01	3.300167e+01	4.227321e+01	4.652436e-01	4.652436e-01
3.300167e+01	3.579734e+01	4.432530e+01	4.574243e-01	4.574243e-01
3.579734e+01	3.882983e+01	4.878407e+01	4.607608e-01	4.607608e-01
3.882983e+01	4.211922e+01	5.483427e+01	4.690293e-01	4.690293e-01
4.211922e+01	4.568726e+01	6.881663e+01	5.045069e-01	5.045069e-01
4.568726e+01	4.955756e+01	5.999075e+01	4.522746e-01	4.522746e-01
4.955756e+01	5.375572e+01	2.818451e+01	2.976537e-01	2.976537e-01
5.375572e+01	5.830952e+01	1.553028e+01	2.121474e-01	2.121474e-01
5.830952e+01	6.324909e+01	9.123774e+00	1.561275e-01	1.561275e-01
6.324909e+01	6.860710e+01	5.590938e+00	1.173470e-01	1.173470e-01
6.860710e+01	7.441900e+01	3.508044e+00	8.924852e-02	8.924852e-02
7.441900e+01	8.072325e+01	2.522513e+00	7.266750e-02	7.266750e-02
8.072325e+01	8.756154e+01	1.678920e+00	5.692072e-02	5.692072e-02
8.756154e+01	9.497913e+01	1.161768e+00	4.546350e-02	4.546350e-02
9.497913e+01	1.030251e+02	7.774779e-01	3.571076e-02	3.571076e-02
1.030251e+02	1.117526e+02	5.458520e-01	2.872907e-02	2.872907e-02
1.117526e+02	1.212195e+02	3.457201e-01	2.195327e-02	2.195327e-02
1.212195e+02	1.314884e+02	2.454628e-01	1.776107e-02	1.776107e-02
1.314884e+02	1.426271e+02	1.540330e-01	1.350959e-02	1.350959e-02
1.426271e+02	1.547095e+02	9.174601e-02	1.001031e-02	1.001031e-02
1.547095e+02	1.678154e+02	8.658986e-02	9.337229e-03	9.337229e-03
1.678154e+02	1.820315e+02	5.105046e-02	6.883645e-03	6.883645e-03
1.820315e+02	1.974519e+02	3.251672e-02	5.274911e-03	5.274911e-03
1.974519e+02	2.141786e+02	2.446178e-02	4.393469e-03	4.393469e-03
2.141786e+02	2.323223e+02	1.673395e-02	3.489273e-03	3.489273e-03
2.323223e+02	2.520030e+02	8.050496e-03	2.323981e-03	2.323981e-03
2.520030e+02	2.733509e+02	7.418392e-03	2.141506e-03	2.141506e-03
2.733509e+02	2.965072e+02	2.278539e-03	1.139270e-03	1.139270e-03
2.965072e+02	3.216252e+02	2.100582e-03	1.050291e-03	1.050291e-03
3.216252e+02	3.488710e+02	4.839748e-04	4.839749e-04	4.839749e-04
3.488710e+02	3.784248e+02	8.932479e-04	6.316215e-04	6.316215e-04
3.784248e+02	4.104823e+02	0.000000e+00	0.000000e+00	0.000000e+00
4.104823e+02	4.452554e+02	7.588929e-04	5.366185e-04	5.366185e-04
4.452554e+02	4.829743e+02	1.049565e-03	6.059669e-04	6.059669e-04
4.829743e+02	5.238884e+02	0.000000e+00	0.000000e+00	0.000000e+00
5.238884e+02	5.682685e+02	0.000000e+00	0.000000e+00	0.000000e+00
5.682685e+02	6.164081e+02	2.747214e-04	2.747214e-04	2.747214e-04
6.164081e+02	6.686258e+02	0.000000e+00	0.000000e+00	0.000000e+00
6.686258e+02	7.252670e+02	0.000000e+00	0.000000e+00	0.000000e+00
7.252670e+02	7.867065e+02	0.000000e+00	0.000000e+00	0.000000e+00
7.867065e+02	8.533506e+02	0.000000e+00	0.000000e+00	0.000000e+00
8.533506e+02	9.256404e+02	0.000000e+00	0.000000e+00	0.000000e+00
9.256404e+02	1.004054e+03	0.000000e+00	0.000000e+00	0.000000e+00
1.004054e+03	1.089110e+03	0.000000e+00	0.000000e+00	0.000000e+00
1.089110e+03	1.181372e+03	0.000000e+00	0.000000e+00	0.000000e+00
1.181372e+03	1.281449e+03	0.000000e+00	0.000000e+00	0.000000e+00
1.281449e+03	1.390005e+03	0.000000e+00	0.000000e+00	0.000000e+00
1.390005e+03	1.507756e+03	0.000000e+00	0.000000e+00	0.000000e+00
1.507756e+03	1.635482e+03	0.000000e+00	0.000000e+00	0.000000e+00
1.635482e+03	1.774029e+03	0.000000e+00	0.000000e+00	0.000000e+00
1.774029e+03	1.924312e+03	0.000000e+00	0.000000e+00	0.000000e+00
1.924312e+03	2.087326e+03	0.000000e+00	0.000000e+00	0.000000e+00
2.087326e+03	2.264149e+03	0.000000e+00	0.000000e+00	0.000000e+00
2.264149e+03	2.455951e+03	0.000000e+00	0.000000e+00	0.000000e+00
2.455951e+03	2.664002e+03	0.000000e+00	0.000000e+00	0.000000e+00
2.664002e+03	2.889677e+03	0.000000e+00	0.000000e+00	0.000000e+00
2.889677e+03	3.134470e+03	0.000000e+00	0.000000e+00	0.000000e+00
3.134470e+03	3.400000e+03	0.000000e+00	0.000000e+00	0.000000e+00
# END HISTO1D

