# BEGIN PLOT
Legend=1
LogY=1
Title=Transverse momentum of second jet
XLabel=$p_\perp(\mathrm{jet~2})$ [GeV]
YLabel=$\mathrm{d}\sigma/\mathrm{d}p_\perp(\mathrm{jet~2})$ [pb/GeV]
LogX=1
XMin=20.0
DrawOnly=//eos/home-c/choij/cms-mg4gpu-integration/genValidation/DY01234j_UPSTREAM/merged.yoda.gz/MC_JETS:ENERGY=13600/jet_pT_2 //eos/home-c/choij/cms-mg4gpu-integration/genValidation/DY01234j_CPP512Z/merged.yoda.gz/MC_JETS:ENERGY=13600/jet_pT_2 //eos/home-c/choij/cms-mg4gpu-integration/genValidation/DY01234j_CUDA/merged.yoda.gz/MC_JETS:ENERGY=13600/jet_pT_2
LegendOnly=//eos/home-c/choij/cms-mg4gpu-integration/genValidation/DY01234j_UPSTREAM/merged.yoda.gz/MC_JETS:ENERGY=13600/jet_pT_2 //eos/home-c/choij/cms-mg4gpu-integration/genValidation/DY01234j_CPP512Z/merged.yoda.gz/MC_JETS:ENERGY=13600/jet_pT_2 //eos/home-c/choij/cms-mg4gpu-integration/genValidation/DY01234j_CUDA/merged.yoda.gz/MC_JETS:ENERGY=13600/jet_pT_2
RatioPlot=1
RatioPlotReference=//eos/home-c/choij/cms-mg4gpu-integration/genValidation/DY01234j_UPSTREAM/merged.yoda.gz/MC_JETS:ENERGY=13600/jet_pT_2
RatioPlotYLabel=Ratio
# END PLOT

# BEGIN HISTO1D //eos/home-c/choij/cms-mg4gpu-integration/genValidation/DY01234j_UPSTREAM/merged.yoda.gz/MC_JETS:ENERGY=13600/jet_pT_2
ErrorBars=1
LineColor=red
LineStyle=solid
Path=//eos/home-c/choij/cms-mg4gpu-integration/genValidation/DY01234j_UPSTREAM/merged.yoda.gz/MC_JETS:ENERGY=13600/jet_pT_2
ScaledBy=1.00001996714958461e-06
Title=MG362
# xlow	 xhigh	 val	 errminus	 errplus
1.000000e+01	1.114571e+01	0.000000e+00	0.000000e+00	0.000000e+00
1.114571e+01	1.242269e+01	0.000000e+00	0.000000e+00	0.000000e+00
1.242269e+01	1.384597e+01	0.000000e+00	0.000000e+00	0.000000e+00
1.384597e+01	1.543231e+01	0.000000e+00	0.000000e+00	0.000000e+00
1.543231e+01	1.720041e+01	0.000000e+00	0.000000e+00	0.000000e+00
1.720041e+01	1.917108e+01	0.000000e+00	0.000000e+00	0.000000e+00
1.917108e+01	2.136753e+01	7.501291e+01	6.700786e-01	6.700786e-01
2.136753e+01	2.381563e+01	1.194011e+02	8.007730e-01	8.007730e-01
2.381563e+01	2.654421e+01	1.222954e+02	7.676366e-01	7.676366e-01
2.654421e+01	2.958541e+01	1.222787e+02	7.270639e-01	7.270639e-01
2.958541e+01	3.297504e+01	1.251503e+02	6.967215e-01	6.967215e-01
3.297504e+01	3.675302e+01	1.310603e+02	6.753447e-01	6.753447e-01
3.675302e+01	4.096385e+01	1.431718e+02	6.685966e-01	6.685966e-01
4.096385e+01	4.565712e+01	1.487195e+02	6.454547e-01	6.454547e-01
4.565712e+01	5.088811e+01	4.928702e+01	3.519604e-01	3.519604e-01
5.088811e+01	5.671841e+01	1.422456e+01	1.790989e-01	1.790989e-01
5.671841e+01	6.321670e+01	8.335487e+00	1.298621e-01	1.298621e-01
6.321670e+01	7.045950e+01	5.799620e+00	1.026040e-01	1.026040e-01
7.045950e+01	7.853212e+01	3.783344e+00	7.849667e-02	7.849667e-02
7.853212e+01	8.752962e+01	2.481204e+00	6.021347e-02	6.021347e-02
8.752962e+01	9.755798e+01	1.628303e+00	4.620346e-02	4.620346e-02
9.755798e+01	1.087353e+02	1.022159e+00	3.467437e-02	3.467437e-02
1.087353e+02	1.211932e+02	7.197453e-01	2.756047e-02	2.756047e-02
1.211932e+02	1.350785e+02	4.507158e-01	2.065852e-02	2.065852e-02
1.350785e+02	1.505545e+02	3.202744e-01	1.649497e-02	1.649497e-02
1.505545e+02	1.678037e+02	1.989339e-01	1.231370e-02	1.231370e-02
1.678037e+02	1.870292e+02	1.210423e-01	9.098093e-03	9.098093e-03
1.870292e+02	2.084573e+02	6.442382e-02	6.287122e-03	6.287122e-03
2.084573e+02	2.323405e+02	5.119389e-02	5.308560e-03	5.308560e-03
2.323405e+02	2.589599e+02	2.568449e-02	3.561798e-03	3.561798e-03
2.589599e+02	2.886293e+02	1.684063e-02	2.731911e-03	2.731911e-03
2.886293e+02	3.216978e+02	9.144213e-03	1.906701e-03	1.906701e-03
3.216978e+02	3.585551e+02	5.350802e-03	1.381571e-03	1.381571e-03
3.585551e+02	3.996351e+02	4.160623e-03	1.153949e-03	1.153949e-03
3.996351e+02	4.454217e+02	2.296679e-03	8.119985e-04	8.119985e-04
4.454217e+02	4.964541e+02	1.545970e-03	6.311399e-04	6.311399e-04
4.964541e+02	5.533334e+02	1.155786e-03	5.168833e-04	5.168833e-04
5.533334e+02	6.167294e+02	2.075030e-04	2.075030e-04	2.075030e-04
6.167294e+02	6.873887e+02	3.721623e-04	2.631585e-04	2.631585e-04
6.873887e+02	7.661435e+02	0.000000e+00	0.000000e+00	0.000000e+00
7.661435e+02	8.539214e+02	0.000000e+00	0.000000e+00	0.000000e+00
8.539214e+02	9.517560e+02	2.687466e-04	1.900326e-04	1.900326e-04
9.517560e+02	1.060800e+03	0.000000e+00	0.000000e+00	0.000000e+00
1.060800e+03	1.182337e+03	0.000000e+00	0.000000e+00	0.000000e+00
1.182337e+03	1.317798e+03	9.711179e-05	9.711181e-05	9.711181e-05
1.317798e+03	1.468780e+03	0.000000e+00	0.000000e+00	0.000000e+00
1.468780e+03	1.637059e+03	0.000000e+00	0.000000e+00	0.000000e+00
1.637059e+03	1.824619e+03	0.000000e+00	0.000000e+00	0.000000e+00
1.824619e+03	2.033667e+03	0.000000e+00	0.000000e+00	0.000000e+00
2.033667e+03	2.266667e+03	0.000000e+00	0.000000e+00	0.000000e+00
# END HISTO1D


# BEGIN HISTO1D //eos/home-c/choij/cms-mg4gpu-integration/genValidation/DY01234j_CPP512Z/merged.yoda.gz/MC_JETS:ENERGY=13600/jet_pT_2
ErrorBars=1
LineColor=blue
LineStyle=solid
Path=//eos/home-c/choij/cms-mg4gpu-integration/genValidation/DY01234j_CPP512Z/merged.yoda.gz/MC_JETS:ENERGY=13600/jet_pT_2
ScaledBy=1.00000054421021920e-06
Title=CPP-AVX512
# xlow	 xhigh	 val	 errminus	 errplus
1.000000e+01	1.114571e+01	0.000000e+00	0.000000e+00	0.000000e+00
1.114571e+01	1.242269e+01	0.000000e+00	0.000000e+00	0.000000e+00
1.242269e+01	1.384597e+01	0.000000e+00	0.000000e+00	0.000000e+00
1.384597e+01	1.543231e+01	0.000000e+00	0.000000e+00	0.000000e+00
1.543231e+01	1.720041e+01	0.000000e+00	0.000000e+00	0.000000e+00
1.720041e+01	1.917108e+01	0.000000e+00	0.000000e+00	0.000000e+00
1.917108e+01	2.136753e+01	7.457903e+01	6.682323e-01	6.682323e-01
2.136753e+01	2.381563e+01	1.233072e+02	8.138775e-01	8.138775e-01
2.381563e+01	2.654421e+01	1.231007e+02	7.702676e-01	7.702676e-01
2.654421e+01	2.958541e+01	1.240765e+02	7.324900e-01	7.324900e-01
2.958541e+01	3.297504e+01	1.249560e+02	6.962769e-01	6.962769e-01
3.297504e+01	3.675302e+01	1.308528e+02	6.749027e-01	6.749027e-01
3.675302e+01	4.096385e+01	1.429430e+02	6.681548e-01	6.681548e-01
4.096385e+01	4.565712e+01	1.476285e+02	6.431715e-01	6.431715e-01
4.565712e+01	5.088811e+01	4.880285e+01	3.502759e-01	3.502759e-01
5.088811e+01	5.671841e+01	1.403452e+01	1.779232e-01	1.779232e-01
5.671841e+01	6.321670e+01	8.566612e+00	1.316694e-01	1.316694e-01
6.321670e+01	7.045950e+01	5.734092e+00	1.020372e-01	1.020372e-01
7.045950e+01	7.853212e+01	3.803919e+00	7.872048e-02	7.872048e-02
7.853212e+01	8.752962e+01	2.537395e+00	6.089942e-02	6.089942e-02
8.752962e+01	9.755798e+01	1.637917e+00	4.634582e-02	4.634582e-02
9.755798e+01	1.087353e+02	1.129505e+00	3.645462e-02	3.645462e-02
1.087353e+02	1.211932e+02	7.072731e-01	2.732434e-02	2.732434e-02
1.211932e+02	1.350785e+02	4.451474e-01	2.053312e-02	2.053312e-02
1.350785e+02	1.505545e+02	3.067651e-01	1.614553e-02	1.614553e-02
1.505545e+02	1.678037e+02	1.867901e-01	1.193358e-02	1.193358e-02
1.678037e+02	1.870292e+02	1.285991e-01	9.379058e-03	9.379058e-03
1.870292e+02	2.084573e+02	8.223930e-02	7.104394e-03	7.104394e-03
2.084573e+02	2.323405e+02	4.845645e-02	5.165475e-03	5.165475e-03
2.323405e+02	2.589599e+02	3.063014e-02	3.890032e-03	3.890032e-03
2.589599e+02	2.886293e+02	1.773028e-02	2.803403e-03	2.803403e-03
2.886293e+02	3.216978e+02	8.351440e-03	1.822433e-03	1.822433e-03
3.216978e+02	3.585551e+02	7.849707e-03	1.673563e-03	1.673563e-03
3.585551e+02	3.996351e+02	2.240882e-03	8.469740e-04	8.469740e-04
3.996351e+02	4.454217e+02	2.584841e-03	8.616134e-04	8.616134e-04
4.454217e+02	4.964541e+02	7.730661e-04	4.463300e-04	4.463300e-04
4.964541e+02	5.533334e+02	9.248924e-04	4.624462e-04	4.624462e-04
5.533334e+02	6.167294e+02	1.452121e-03	5.488501e-04	5.488501e-04
6.167294e+02	6.873887e+02	0.000000e+00	0.000000e+00	0.000000e+00
6.873887e+02	7.661435e+02	1.669665e-04	1.669664e-04	1.669664e-04
7.661435e+02	8.539214e+02	1.498397e-04	1.498396e-04	1.498396e-04
8.539214e+02	9.517560e+02	1.344045e-04	1.344045e-04	1.344045e-04
9.517560e+02	1.060800e+03	0.000000e+00	0.000000e+00	0.000000e+00
1.060800e+03	1.182337e+03	0.000000e+00	0.000000e+00	0.000000e+00
1.182337e+03	1.317798e+03	0.000000e+00	0.000000e+00	0.000000e+00
1.317798e+03	1.468780e+03	0.000000e+00	0.000000e+00	0.000000e+00
1.468780e+03	1.637059e+03	0.000000e+00	0.000000e+00	0.000000e+00
1.637059e+03	1.824619e+03	0.000000e+00	0.000000e+00	0.000000e+00
1.824619e+03	2.033667e+03	0.000000e+00	0.000000e+00	0.000000e+00
2.033667e+03	2.266667e+03	0.000000e+00	0.000000e+00	0.000000e+00
# END HISTO1D


# BEGIN HISTO1D //eos/home-c/choij/cms-mg4gpu-integration/genValidation/DY01234j_CUDA/merged.yoda.gz/MC_JETS:ENERGY=13600/jet_pT_2
ErrorBars=1
LineColor=green
LineStyle=solid
Path=//eos/home-c/choij/cms-mg4gpu-integration/genValidation/DY01234j_CUDA/merged.yoda.gz/MC_JETS:ENERGY=13600/jet_pT_2
ScaledBy=1.00004549403784461e-06
Title=CUDA
# xlow	 xhigh	 val	 errminus	 errplus
1.000000e+01	1.114571e+01	0.000000e+00	0.000000e+00	0.000000e+00
1.114571e+01	1.242269e+01	0.000000e+00	0.000000e+00	0.000000e+00
1.242269e+01	1.384597e+01	0.000000e+00	0.000000e+00	0.000000e+00
1.384597e+01	1.543231e+01	0.000000e+00	0.000000e+00	0.000000e+00
1.543231e+01	1.720041e+01	0.000000e+00	0.000000e+00	0.000000e+00
1.720041e+01	1.917108e+01	0.000000e+00	0.000000e+00	0.000000e+00
1.917108e+01	2.136753e+01	7.451137e+01	6.690778e-01	6.690778e-01
2.136753e+01	2.381563e+01	1.207670e+02	8.068369e-01	8.068369e-01
2.381563e+01	2.654421e+01	1.231812e+02	7.718447e-01	7.718447e-01
2.654421e+01	2.958541e+01	1.212105e+02	7.252267e-01	7.252267e-01
2.958541e+01	3.297504e+01	1.252539e+02	6.983057e-01	6.983057e-01
3.297504e+01	3.675302e+01	1.322467e+02	6.796553e-01	6.796553e-01
3.675302e+01	4.096385e+01	1.437486e+02	6.711879e-01	6.711879e-01
4.096385e+01	4.565712e+01	1.486066e+02	6.464090e-01	6.464090e-01
4.565712e+01	5.088811e+01	4.867075e+01	3.504033e-01	3.504033e-01
5.088811e+01	5.671841e+01	1.403534e+01	1.782347e-01	1.782347e-01
5.671841e+01	6.321670e+01	8.799173e+00	1.336742e-01	1.336742e-01
6.321670e+01	7.045950e+01	5.668204e+00	1.016238e-01	1.016238e-01
7.045950e+01	7.853212e+01	3.954338e+00	8.039997e-02	8.039997e-02
7.853212e+01	8.752962e+01	2.543193e+00	6.107380e-02	6.107380e-02
8.752962e+01	9.755798e+01	1.750146e+00	4.798975e-02	4.798975e-02
9.755798e+01	1.087353e+02	1.082639e+00	3.575187e-02	3.575187e-02
1.087353e+02	1.211932e+02	7.234836e-01	2.768333e-02	2.768333e-02
1.211932e+02	1.350785e+02	4.761396e-01	2.127235e-02	2.127235e-02
1.350785e+02	1.505545e+02	2.882115e-01	1.567664e-02	1.567664e-02
1.505545e+02	1.678037e+02	2.142108e-01	1.280154e-02	1.280154e-02
1.678037e+02	1.870292e+02	1.180600e-01	9.001995e-03	9.001995e-03
1.870292e+02	2.084573e+02	5.973665e-02	6.065337e-03	6.065337e-03
2.084573e+02	2.323405e+02	6.133144e-02	5.821323e-03	5.821323e-03
2.323405e+02	2.589599e+02	2.825726e-02	3.742765e-03	3.742765e-03
2.589599e+02	2.886293e+02	1.690161e-02	2.741803e-03	2.741803e-03
2.886293e+02	3.216978e+02	1.077469e-02	2.073590e-03	2.073590e-03
3.216978e+02	3.585551e+02	3.938406e-03	1.187474e-03	1.187474e-03
3.585551e+02	3.996351e+02	4.497293e-03	1.201952e-03	1.201952e-03
3.996351e+02	4.454217e+02	1.729279e-03	7.059751e-04	7.059751e-04
4.454217e+02	4.964541e+02	1.551497e-03	6.333958e-04	6.333958e-04
4.964541e+02	5.533334e+02	6.960212e-04	4.018480e-04	4.018480e-04
5.533334e+02	6.167294e+02	4.163039e-04	2.943713e-04	2.943713e-04
6.167294e+02	6.873887e+02	5.602744e-04	3.234746e-04	3.234746e-04
6.873887e+02	7.661435e+02	0.000000e+00	0.000000e+00	0.000000e+00
7.661435e+02	8.539214e+02	0.000000e+00	0.000000e+00	0.000000e+00
8.539214e+02	9.517560e+02	2.697675e-04	1.907545e-04	1.907545e-04
9.517560e+02	1.060800e+03	0.000000e+00	0.000000e+00	0.000000e+00
1.060800e+03	1.182337e+03	0.000000e+00	0.000000e+00	0.000000e+00
1.182337e+03	1.317798e+03	0.000000e+00	0.000000e+00	0.000000e+00
1.317798e+03	1.468780e+03	0.000000e+00	0.000000e+00	0.000000e+00
1.468780e+03	1.637059e+03	0.000000e+00	0.000000e+00	0.000000e+00
1.637059e+03	1.824619e+03	0.000000e+00	0.000000e+00	0.000000e+00
1.824619e+03	2.033667e+03	0.000000e+00	0.000000e+00	0.000000e+00
2.033667e+03	2.266667e+03	0.000000e+00	0.000000e+00	0.000000e+00
# END HISTO1D

