# BEGIN PLOT
Legend=1
LogY=1
Title=Pseudorapidity of third jet
XLabel=$\eta(\mathrm{jet~3})$
YLabel=$\mathrm{d}\sigma/\mathrm{d}\eta(\mathrm{jet~3})$ [pb]
LegendYPos=0.5
LegendXPos=0.30
DrawOnly=//eos/home-c/choij/cms-mg4gpu-integration/genValidation/DY01234j_UPSTREAM/merged.yoda.gz/MC_JETS:ENERGY=13600/jet_eta_3 //eos/home-c/choij/cms-mg4gpu-integration/genValidation/DY01234j_CPP512Z/merged.yoda.gz/MC_JETS:ENERGY=13600/jet_eta_3 //eos/home-c/choij/cms-mg4gpu-integration/genValidation/DY01234j_CUDA/merged.yoda.gz/MC_JETS:ENERGY=13600/jet_eta_3
LegendOnly=//eos/home-c/choij/cms-mg4gpu-integration/genValidation/DY01234j_UPSTREAM/merged.yoda.gz/MC_JETS:ENERGY=13600/jet_eta_3 //eos/home-c/choij/cms-mg4gpu-integration/genValidation/DY01234j_CPP512Z/merged.yoda.gz/MC_JETS:ENERGY=13600/jet_eta_3 //eos/home-c/choij/cms-mg4gpu-integration/genValidation/DY01234j_CUDA/merged.yoda.gz/MC_JETS:ENERGY=13600/jet_eta_3
RatioPlot=1
RatioPlotReference=//eos/home-c/choij/cms-mg4gpu-integration/genValidation/DY01234j_UPSTREAM/merged.yoda.gz/MC_JETS:ENERGY=13600/jet_eta_3
RatioPlotYLabel=Ratio
# END PLOT

# BEGIN HISTO1D //eos/home-c/choij/cms-mg4gpu-integration/genValidation/DY01234j_UPSTREAM/merged.yoda.gz/MC_JETS:ENERGY=13600/jet_eta_3
ErrorBars=1
LineColor=red
LineStyle=solid
Path=//eos/home-c/choij/cms-mg4gpu-integration/genValidation/DY01234j_UPSTREAM/merged.yoda.gz/MC_JETS:ENERGY=13600/jet_eta_3
ScaledBy=1.00001996714958461e-06
Title=MG362
# xlow	 xhigh	 val	 errminus	 errplus
-5.000000e+00	-4.600000e+00	7.822382e+00	5.070498e-01	5.070498e-01
-4.600000e+00	-4.200000e+00	1.653297e+01	7.371686e-01	7.371686e-01
-4.200000e+00	-3.800000e+00	2.935105e+01	9.821952e-01	9.821952e-01
-3.800000e+00	-3.400000e+00	4.690305e+01	1.241621e+00	1.241621e+00
-3.400000e+00	-3.000000e+00	6.507920e+01	1.462546e+00	1.462546e+00
-3.000000e+00	-2.600000e+00	8.401208e+01	1.661733e+00	1.661733e+00
-2.600000e+00	-2.200000e+00	1.078411e+02	1.882699e+00	1.882699e+00
-2.200000e+00	-1.800000e+00	1.193119e+02	1.980298e+00	1.980298e+00
-1.800000e+00	-1.400000e+00	1.396904e+02	2.142754e+00	2.142754e+00
-1.400000e+00	-1.000000e+00	1.477106e+02	2.203410e+00	2.203410e+00
-1.000000e+00	-6.000000e-01	1.584261e+02	2.281935e+00	2.281935e+00
-6.000000e-01	-2.000000e-01	1.635208e+02	2.318336e+00	2.318336e+00
-2.000000e-01	2.000000e-01	1.636183e+02	2.319020e+00	2.319020e+00
2.000000e-01	6.000000e-01	1.673326e+02	2.345196e+00	2.345196e+00
6.000000e-01	1.000000e+00	1.582601e+02	2.280727e+00	2.280727e+00
1.000000e+00	1.400000e+00	1.515573e+02	2.231923e+00	2.231923e+00
1.400000e+00	1.800000e+00	1.386391e+02	2.134679e+00	2.134679e+00
1.800000e+00	2.200000e+00	1.233563e+02	2.013596e+00	2.013596e+00
2.200000e+00	2.600000e+00	1.060006e+02	1.866566e+00	1.866566e+00
2.600000e+00	3.000000e+00	8.450530e+01	1.666606e+00	1.666606e+00
3.000000e+00	3.400000e+00	6.452055e+01	1.456257e+00	1.456257e+00
3.400000e+00	3.800000e+00	4.460263e+01	1.210794e+00	1.210794e+00
3.800000e+00	4.200000e+00	3.132355e+01	1.014670e+00	1.014670e+00
4.200000e+00	4.600000e+00	1.551385e+01	7.140828e-01	7.140828e-01
4.600000e+00	5.000000e+00	8.809002e+00	5.380955e-01	5.380955e-01
# END HISTO1D


# BEGIN HISTO1D //eos/home-c/choij/cms-mg4gpu-integration/genValidation/DY01234j_CPP512Z/merged.yoda.gz/MC_JETS:ENERGY=13600/jet_eta_3
ErrorBars=1
LineColor=blue
LineStyle=solid
Path=//eos/home-c/choij/cms-mg4gpu-integration/genValidation/DY01234j_CPP512Z/merged.yoda.gz/MC_JETS:ENERGY=13600/jet_eta_3
ScaledBy=1.00000054421021920e-06
Title=CPP-AVX512
# xlow	 xhigh	 val	 errminus	 errplus
-5.000000e+00	-4.600000e+00	8.482377e+00	5.280897e-01	5.280897e-01
-4.600000e+00	-4.200000e+00	1.749082e+01	7.583230e-01	7.583230e-01
-4.200000e+00	-3.800000e+00	3.021457e+01	9.966864e-01	9.966864e-01
-3.800000e+00	-3.400000e+00	4.645585e+01	1.235860e+00	1.235860e+00
-3.400000e+00	-3.000000e+00	6.180988e+01	1.425539e+00	1.425539e+00
-3.000000e+00	-2.600000e+00	8.630375e+01	1.684477e+00	1.684477e+00
-2.600000e+00	-2.200000e+00	1.043200e+02	1.851965e+00	1.851965e+00
-2.200000e+00	-1.800000e+00	1.218442e+02	2.001484e+00	2.001484e+00
-1.800000e+00	-1.400000e+00	1.394332e+02	2.141076e+00	2.141076e+00
-1.400000e+00	-1.000000e+00	1.503162e+02	2.223067e+00	2.223067e+00
-1.000000e+00	-6.000000e-01	1.582727e+02	2.281146e+00	2.281146e+00
-6.000000e-01	-2.000000e-01	1.635657e+02	2.318972e+00	2.318972e+00
-2.000000e-01	2.000000e-01	1.687277e+02	2.355284e+00	2.355284e+00
2.000000e-01	6.000000e-01	1.611660e+02	2.301901e+00	2.301901e+00
6.000000e-01	1.000000e+00	1.550174e+02	2.257562e+00	2.257562e+00
1.000000e+00	1.400000e+00	1.525845e+02	2.239776e+00	2.239776e+00
1.400000e+00	1.800000e+00	1.370339e+02	2.122580e+00	2.122580e+00
1.800000e+00	2.200000e+00	1.255595e+02	2.031771e+00	2.031771e+00
2.200000e+00	2.600000e+00	1.071805e+02	1.877184e+00	1.877184e+00
2.600000e+00	3.000000e+00	8.544858e+01	1.676107e+00	1.676107e+00
3.000000e+00	3.400000e+00	6.473595e+01	1.458891e+00	1.458891e+00
3.400000e+00	3.800000e+00	4.658758e+01	1.237614e+00	1.237614e+00
3.800000e+00	4.200000e+00	2.916232e+01	9.791754e-01	9.791754e-01
4.200000e+00	4.600000e+00	1.712910e+01	7.504393e-01	7.504393e-01
4.600000e+00	5.000000e+00	7.068662e+00	4.820788e-01	4.820788e-01
# END HISTO1D


# BEGIN HISTO1D //eos/home-c/choij/cms-mg4gpu-integration/genValidation/DY01234j_CUDA/merged.yoda.gz/MC_JETS:ENERGY=13600/jet_eta_3
ErrorBars=1
LineColor=green
LineStyle=solid
Path=//eos/home-c/choij/cms-mg4gpu-integration/genValidation/DY01234j_CUDA/merged.yoda.gz/MC_JETS:ENERGY=13600/jet_eta_3
ScaledBy=1.00004549403784461e-06
Title=CUDA
# xlow	 xhigh	 val	 errminus	 errplus
-5.000000e+00	-4.600000e+00	7.719835e+00	5.046615e-01	5.046615e-01
-4.600000e+00	-4.200000e+00	1.877174e+01	7.869520e-01	7.869520e-01
-4.200000e+00	-3.800000e+00	3.054945e+01	1.003917e+00	1.003917e+00
-3.800000e+00	-3.400000e+00	4.707778e+01	1.246246e+00	1.246246e+00
-3.400000e+00	-3.000000e+00	6.776303e+01	1.495177e+00	1.495177e+00
-3.000000e+00	-2.600000e+00	8.759043e+01	1.699904e+00	1.699904e+00
-2.600000e+00	-2.200000e+00	1.045147e+02	1.856884e+00	1.856884e+00
-2.200000e+00	-1.800000e+00	1.259587e+02	2.038498e+00	2.038498e+00
-1.800000e+00	-1.400000e+00	1.429819e+02	2.171884e+00	2.171884e+00
-1.400000e+00	-1.000000e+00	1.509987e+02	2.231941e+00	2.231941e+00
-1.000000e+00	-6.000000e-01	1.663064e+02	2.342343e+00	2.342343e+00
-6.000000e-01	-2.000000e-01	1.625455e+02	2.315708e+00	2.315708e+00
-2.000000e-01	2.000000e-01	1.686488e+02	2.358781e+00	2.358781e+00
2.000000e-01	6.000000e-01	1.612588e+02	2.306523e+00	2.306523e+00
6.000000e-01	1.000000e+00	1.635022e+02	2.322512e+00	2.322512e+00
1.000000e+00	1.400000e+00	1.478316e+02	2.208410e+00	2.208410e+00
1.400000e+00	1.800000e+00	1.371096e+02	2.126816e+00	2.126816e+00
1.800000e+00	2.200000e+00	1.242761e+02	2.024837e+00	2.024837e+00
2.200000e+00	2.600000e+00	1.026672e+02	1.840399e+00	1.840399e+00
2.600000e+00	3.000000e+00	8.465435e+01	1.671171e+00	1.671171e+00
3.000000e+00	3.400000e+00	6.459583e+01	1.459816e+00	1.459816e+00
3.400000e+00	3.800000e+00	4.674785e+01	1.241872e+00	1.241872e+00
3.800000e+00	4.200000e+00	2.843797e+01	9.686018e-01	9.686018e-01
4.200000e+00	4.600000e+00	1.672633e+01	7.428423e-01	7.428423e-01
4.600000e+00	5.000000e+00	7.950767e+00	5.121540e-01	5.121540e-01
# END HISTO1D

