# BEGIN PLOT
Legend=1
LogY=1
Title=Pseudorapidity separation between jets
LegendYPos=0.5
LegendXPos=0.30
XLabel=$\Delta\eta(\mathrm{jet~2,~jet~3})$
YLabel=$\mathrm{d}\sigma/\mathrm{d}\Delta\eta(\mathrm{jet~2,~jet~3})$ [pb]
DrawOnly=//eos/home-c/choij/cms-mg4gpu-integration/genValidation/DY01234j_UPSTREAM/merged.yoda.gz/MC_JETS:ENERGY=13600/jets_deta_23 //eos/home-c/choij/cms-mg4gpu-integration/genValidation/DY01234j_CPP512Z/merged.yoda.gz/MC_JETS:ENERGY=13600/jets_deta_23 //eos/home-c/choij/cms-mg4gpu-integration/genValidation/DY01234j_CUDA/merged.yoda.gz/MC_JETS:ENERGY=13600/jets_deta_23
LegendOnly=//eos/home-c/choij/cms-mg4gpu-integration/genValidation/DY01234j_UPSTREAM/merged.yoda.gz/MC_JETS:ENERGY=13600/jets_deta_23 //eos/home-c/choij/cms-mg4gpu-integration/genValidation/DY01234j_CPP512Z/merged.yoda.gz/MC_JETS:ENERGY=13600/jets_deta_23 //eos/home-c/choij/cms-mg4gpu-integration/genValidation/DY01234j_CUDA/merged.yoda.gz/MC_JETS:ENERGY=13600/jets_deta_23
RatioPlot=1
RatioPlotReference=//eos/home-c/choij/cms-mg4gpu-integration/genValidation/DY01234j_UPSTREAM/merged.yoda.gz/MC_JETS:ENERGY=13600/jets_deta_23
RatioPlotYLabel=Ratio
# END PLOT

# BEGIN HISTO1D //eos/home-c/choij/cms-mg4gpu-integration/genValidation/DY01234j_UPSTREAM/merged.yoda.gz/MC_JETS:ENERGY=13600/jets_deta_23
ErrorBars=1
LineColor=red
LineStyle=solid
Path=//eos/home-c/choij/cms-mg4gpu-integration/genValidation/DY01234j_UPSTREAM/merged.yoda.gz/MC_JETS:ENERGY=13600/jets_deta_23
ScaledBy=1.00001996714958461e-06
Title=MG362
# xlow	 xhigh	 val	 errminus	 errplus
-5.000000e+00	-4.600000e+00	1.078113e+01	5.952884e-01	5.952884e-01
-4.600000e+00	-4.200000e+00	1.475760e+01	6.964544e-01	6.964544e-01
-4.200000e+00	-3.800000e+00	2.133126e+01	8.373254e-01	8.373254e-01
-3.800000e+00	-3.400000e+00	2.997673e+01	9.926288e-01	9.926288e-01
-3.400000e+00	-3.000000e+00	4.029625e+01	1.150852e+00	1.150852e+00
-3.000000e+00	-2.600000e+00	5.975465e+01	1.401441e+00	1.401441e+00
-2.600000e+00	-2.200000e+00	8.269670e+01	1.648667e+00	1.648667e+00
-2.200000e+00	-1.800000e+00	1.080386e+02	1.884427e+00	1.884427e+00
-1.800000e+00	-1.400000e+00	1.365020e+02	2.118157e+00	2.118157e+00
-1.400000e+00	-1.000000e+00	1.657542e+02	2.334103e+00	2.334103e+00
-1.000000e+00	-6.000000e-01	1.900776e+02	2.499508e+00	2.499508e+00
-6.000000e-01	-2.000000e-01	1.975072e+02	2.547897e+00	2.547897e+00
-2.000000e-01	2.000000e-01	1.836384e+02	2.456825e+00	2.456825e+00
2.000000e-01	6.000000e-01	1.978008e+02	2.549776e+00	2.549776e+00
6.000000e-01	1.000000e+00	1.915231e+02	2.508989e+00	2.508989e+00
1.000000e+00	1.400000e+00	1.607601e+02	2.298685e+00	2.298685e+00
1.400000e+00	1.800000e+00	1.370954e+02	2.122771e+00	2.122771e+00
1.800000e+00	2.200000e+00	1.098783e+02	1.900395e+00	1.900395e+00
2.200000e+00	2.600000e+00	8.200758e+01	1.641794e+00	1.641794e+00
2.600000e+00	3.000000e+00	5.774958e+01	1.377726e+00	1.377726e+00
3.000000e+00	3.400000e+00	4.154505e+01	1.168546e+00	1.168546e+00
3.400000e+00	3.800000e+00	2.912110e+01	9.783420e-01	9.783420e-01
3.800000e+00	4.200000e+00	2.248196e+01	8.596195e-01	8.596195e-01
4.200000e+00	4.600000e+00	1.633554e+01	7.327490e-01	7.327490e-01
4.600000e+00	5.000000e+00	1.153684e+01	6.157910e-01	6.157910e-01
# END HISTO1D


# BEGIN HISTO1D //eos/home-c/choij/cms-mg4gpu-integration/genValidation/DY01234j_CPP512Z/merged.yoda.gz/MC_JETS:ENERGY=13600/jets_deta_23
ErrorBars=1
LineColor=blue
LineStyle=solid
Path=//eos/home-c/choij/cms-mg4gpu-integration/genValidation/DY01234j_CPP512Z/merged.yoda.gz/MC_JETS:ENERGY=13600/jets_deta_23
ScaledBy=1.00000054421021920e-06
Title=CPP-AVX512
# xlow	 xhigh	 val	 errminus	 errplus
-5.000000e+00	-4.600000e+00	1.035641e+01	5.835174e-01	5.835174e-01
-4.600000e+00	-4.200000e+00	1.472926e+01	6.958919e-01	6.958919e-01
-4.200000e+00	-3.800000e+00	2.104155e+01	8.317403e-01	8.317403e-01
-3.800000e+00	-3.400000e+00	2.926080e+01	9.808246e-01	9.808246e-01
-3.400000e+00	-3.000000e+00	3.965035e+01	1.141756e+00	1.141756e+00
-3.000000e+00	-2.600000e+00	6.092200e+01	1.415261e+00	1.415261e+00
-2.600000e+00	-2.200000e+00	8.275283e+01	1.649458e+00	1.649458e+00
-2.200000e+00	-1.800000e+00	1.071154e+02	1.876620e+00	1.876620e+00
-1.800000e+00	-1.400000e+00	1.365727e+02	2.118999e+00	2.118999e+00
-1.400000e+00	-1.000000e+00	1.639606e+02	2.321773e+00	2.321773e+00
-1.000000e+00	-6.000000e-01	1.961800e+02	2.539667e+00	2.539667e+00
-6.000000e-01	-2.000000e-01	1.954901e+02	2.535201e+00	2.535201e+00
-2.000000e-01	2.000000e-01	1.870729e+02	2.480018e+00	2.480018e+00
2.000000e-01	6.000000e-01	1.955884e+02	2.535836e+00	2.535836e+00
6.000000e-01	1.000000e+00	1.932867e+02	2.520869e+00	2.520869e+00
1.000000e+00	1.400000e+00	1.655058e+02	2.332687e+00	2.332687e+00
1.400000e+00	1.800000e+00	1.374607e+02	2.125879e+00	2.125879e+00
1.800000e+00	2.200000e+00	1.075756e+02	1.880647e+00	1.880647e+00
2.200000e+00	2.600000e+00	8.124048e+01	1.634316e+00	1.634316e+00
2.600000e+00	3.000000e+00	5.710825e+01	1.370248e+00	1.370248e+00
3.000000e+00	3.400000e+00	4.093263e+01	1.160072e+00	1.160072e+00
3.400000e+00	3.800000e+00	2.873515e+01	9.719809e-01	9.719809e-01
3.800000e+00	4.200000e+00	2.245554e+01	8.592373e-01	8.592373e-01
4.200000e+00	4.600000e+00	1.564958e+01	7.172973e-01	7.172973e-01
4.600000e+00	5.000000e+00	1.025786e+01	5.807373e-01	5.807373e-01
# END HISTO1D


# BEGIN HISTO1D //eos/home-c/choij/cms-mg4gpu-integration/genValidation/DY01234j_CUDA/merged.yoda.gz/MC_JETS:ENERGY=13600/jets_deta_23
ErrorBars=1
LineColor=green
LineStyle=solid
Path=//eos/home-c/choij/cms-mg4gpu-integration/genValidation/DY01234j_CUDA/merged.yoda.gz/MC_JETS:ENERGY=13600/jets_deta_23
ScaledBy=1.00004549403784461e-06
Title=CUDA
# xlow	 xhigh	 val	 errminus	 errplus
-5.000000e+00	-4.600000e+00	1.237151e+01	6.388623e-01	6.388623e-01
-4.600000e+00	-4.200000e+00	1.586856e+01	7.235439e-01	7.235439e-01
-4.200000e+00	-3.800000e+00	2.131205e+01	8.385113e-01	8.385113e-01
-3.800000e+00	-3.400000e+00	2.979065e+01	9.913703e-01	9.913703e-01
-3.400000e+00	-3.000000e+00	4.051265e+01	1.156090e+00	1.156090e+00
-3.000000e+00	-2.600000e+00	6.004313e+01	1.407433e+00	1.407433e+00
-2.600000e+00	-2.200000e+00	8.396150e+01	1.664318e+00	1.664318e+00
-2.200000e+00	-1.800000e+00	1.081767e+02	1.889135e+00	1.889135e+00
-1.800000e+00	-1.400000e+00	1.360868e+02	2.118868e+00	2.118868e+00
-1.400000e+00	-1.000000e+00	1.636342e+02	2.323449e+00	2.323449e+00
-1.000000e+00	-6.000000e-01	1.937217e+02	2.528048e+00	2.528048e+00
-6.000000e-01	-2.000000e-01	1.964929e+02	2.546064e+00	2.546064e+00
-2.000000e-01	2.000000e-01	1.857379e+02	2.475406e+00	2.475406e+00
2.000000e-01	6.000000e-01	2.017384e+02	2.579826e+00	2.579826e+00
6.000000e-01	1.000000e+00	1.909175e+02	2.509684e+00	2.509684e+00
1.000000e+00	1.400000e+00	1.672302e+02	2.348841e+00	2.348841e+00
1.400000e+00	1.800000e+00	1.384953e+02	2.137538e+00	2.137538e+00
1.800000e+00	2.200000e+00	1.109149e+02	1.912895e+00	1.912895e+00
2.200000e+00	2.600000e+00	8.481933e+01	1.672799e+00	1.672799e+00
2.600000e+00	3.000000e+00	6.182465e+01	1.428160e+00	1.428160e+00
3.000000e+00	3.400000e+00	4.137040e+01	1.168264e+00	1.168264e+00
3.400000e+00	3.800000e+00	2.853703e+01	9.702877e-01	9.702877e-01
3.800000e+00	4.200000e+00	2.111403e+01	8.346054e-01	8.346054e-01
4.200000e+00	4.600000e+00	1.580255e+01	7.220370e-01	7.220370e-01
4.600000e+00	5.000000e+00	1.171171e+01	6.215933e-01	6.215933e-01
# END HISTO1D

