# BEGIN PLOT
Legend=1
LogY=1
Title=$\Delta R$ separation between jets
LegendXPos=0.10
LegendYPos=0.5
XLabel=$\Delta{R}(\mathrm{jet~1,~jet~2})$
YLabel=$\mathrm{d}\sigma/\mathrm{d}\Delta{R}(\mathrm{jet~1,~jet~2})$ [pb]
DrawOnly=//eos/home-c/choij/cms-mg4gpu-integration/genValidation/DY01234j_UPSTREAM/merged.yoda.gz/MC_JETS:ENERGY=13600/jets_dR_12 //eos/home-c/choij/cms-mg4gpu-integration/genValidation/DY01234j_CPP512Z/merged.yoda.gz/MC_JETS:ENERGY=13600/jets_dR_12 //eos/home-c/choij/cms-mg4gpu-integration/genValidation/DY01234j_CUDA/merged.yoda.gz/MC_JETS:ENERGY=13600/jets_dR_12
LegendOnly=//eos/home-c/choij/cms-mg4gpu-integration/genValidation/DY01234j_UPSTREAM/merged.yoda.gz/MC_JETS:ENERGY=13600/jets_dR_12 //eos/home-c/choij/cms-mg4gpu-integration/genValidation/DY01234j_CPP512Z/merged.yoda.gz/MC_JETS:ENERGY=13600/jets_dR_12 //eos/home-c/choij/cms-mg4gpu-integration/genValidation/DY01234j_CUDA/merged.yoda.gz/MC_JETS:ENERGY=13600/jets_dR_12
RatioPlot=1
RatioPlotReference=//eos/home-c/choij/cms-mg4gpu-integration/genValidation/DY01234j_UPSTREAM/merged.yoda.gz/MC_JETS:ENERGY=13600/jets_dR_12
RatioPlotYLabel=Ratio
# END PLOT

# BEGIN HISTO1D //eos/home-c/choij/cms-mg4gpu-integration/genValidation/DY01234j_UPSTREAM/merged.yoda.gz/MC_JETS:ENERGY=13600/jets_dR_12
ErrorBars=1
LineColor=red
LineStyle=solid
Path=//eos/home-c/choij/cms-mg4gpu-integration/genValidation/DY01234j_UPSTREAM/merged.yoda.gz/MC_JETS:ENERGY=13600/jets_dR_12
ScaledBy=1.00001996714958461e-06
Title=MG362
# xlow	 xhigh	 val	 errminus	 errplus
0.000000e+00	2.000000e-01	0.000000e+00	0.000000e+00	0.000000e+00
2.000000e-01	4.000000e-01	6.570930e-02	6.570932e-02	6.570932e-02
4.000000e-01	6.000000e-01	9.992015e+00	8.104596e-01	8.104596e-01
6.000000e-01	8.000000e-01	1.965604e+01	1.136738e+00	1.136738e+00
8.000000e-01	1.000000e+00	2.195570e+01	1.201362e+00	1.201362e+00
1.000000e+00	1.200000e+00	3.017380e+01	1.408393e+00	1.408393e+00
1.200000e+00	1.400000e+00	3.878434e+01	1.596726e+00	1.596726e+00
1.400000e+00	1.600000e+00	4.910585e+01	1.796689e+00	1.796689e+00
1.600000e+00	1.800000e+00	7.296810e+01	2.190139e+00	2.190139e+00
1.800000e+00	2.000000e+00	1.020887e+02	2.590549e+00	2.590549e+00
2.000000e+00	2.200000e+00	1.795280e+02	3.435354e+00	3.435354e+00
2.200000e+00	2.400000e+00	3.285506e+02	4.647336e+00	4.647336e+00
2.400000e+00	2.600000e+00	6.136550e+02	6.351366e+00	6.351366e+00
2.600000e+00	2.800000e+00	1.165714e+03	8.753882e+00	8.753882e+00
2.800000e+00	3.000000e+00	2.533034e+03	1.290401e+01	1.290401e+01
3.000000e+00	3.200000e+00	6.138365e+03	2.008771e+01	2.008771e+01
3.200000e+00	3.400000e+00	3.511204e+03	1.519262e+01	1.519262e+01
3.400000e+00	3.600000e+00	2.039883e+03	1.157997e+01	1.157997e+01
3.600000e+00	3.800000e+00	1.263860e+03	9.114952e+00	9.114952e+00
3.800000e+00	4.000000e+00	7.496620e+02	7.019998e+00	7.019998e+00
4.000000e+00	4.200000e+00	3.830512e+02	5.018042e+00	5.018042e+00
4.200000e+00	4.400000e+00	1.358124e+02	2.987958e+00	2.987958e+00
4.400000e+00	4.600000e+00	6.691975e+01	2.097397e+00	2.097397e+00
4.600000e+00	4.800000e+00	4.667229e+01	1.751580e+00	1.751580e+00
4.800000e+00	5.000000e+00	3.563034e+01	1.530454e+00	1.530454e+00
# END HISTO1D


# BEGIN HISTO1D //eos/home-c/choij/cms-mg4gpu-integration/genValidation/DY01234j_CPP512Z/merged.yoda.gz/MC_JETS:ENERGY=13600/jets_dR_12
ErrorBars=1
LineColor=blue
LineStyle=solid
Path=//eos/home-c/choij/cms-mg4gpu-integration/genValidation/DY01234j_CPP512Z/merged.yoda.gz/MC_JETS:ENERGY=13600/jets_dR_12
ScaledBy=1.00000054421021920e-06
Title=CPP-AVX512
# xlow	 xhigh	 val	 errminus	 errplus
0.000000e+00	2.000000e-01	0.000000e+00	0.000000e+00	0.000000e+00
2.000000e-01	4.000000e-01	6.576305e-02	6.576304e-02	6.576304e-02
4.000000e-01	6.000000e-01	1.170436e+01	8.772792e-01	8.772792e-01
6.000000e-01	8.000000e-01	1.880581e+01	1.112011e+00	1.112011e+00
8.000000e-01	1.000000e+00	2.571004e+01	1.300212e+00	1.300212e+00
1.000000e+00	1.200000e+00	2.866917e+01	1.373004e+00	1.373004e+00
1.200000e+00	1.400000e+00	3.557294e+01	1.529400e+00	1.529400e+00
1.400000e+00	1.600000e+00	5.155220e+01	1.841150e+00	1.841150e+00
1.600000e+00	1.800000e+00	6.845115e+01	2.121560e+00	2.121560e+00
1.800000e+00	2.000000e+00	1.077720e+02	2.662050e+00	2.662050e+00
2.000000e+00	2.200000e+00	1.800376e+02	3.440699e+00	3.440699e+00
2.200000e+00	2.400000e+00	3.304190e+02	4.661192e+00	4.661192e+00
2.400000e+00	2.600000e+00	6.073785e+02	6.319662e+00	6.319662e+00
2.600000e+00	2.800000e+00	1.151701e+03	8.702309e+00	8.702309e+00
2.800000e+00	3.000000e+00	2.509343e+03	1.284531e+01	1.284531e+01
3.000000e+00	3.200000e+00	6.182680e+03	2.016289e+01	2.016289e+01
3.200000e+00	3.400000e+00	3.524538e+03	1.522354e+01	1.522354e+01
3.400000e+00	3.600000e+00	2.041694e+03	1.158670e+01	1.158670e+01
3.600000e+00	3.800000e+00	1.271440e+03	9.143503e+00	9.143503e+00
3.800000e+00	4.000000e+00	7.542110e+02	7.042244e+00	7.042244e+00
4.000000e+00	4.200000e+00	3.847976e+02	5.030142e+00	5.030142e+00
4.200000e+00	4.400000e+00	1.379544e+02	3.011846e+00	3.011846e+00
4.400000e+00	4.600000e+00	7.029220e+01	2.149900e+00	2.149900e+00
4.600000e+00	4.800000e+00	4.708091e+01	1.759496e+00	1.759496e+00
4.800000e+00	5.000000e+00	3.399544e+01	1.495118e+00	1.495118e+00
# END HISTO1D


# BEGIN HISTO1D //eos/home-c/choij/cms-mg4gpu-integration/genValidation/DY01234j_CUDA/merged.yoda.gz/MC_JETS:ENERGY=13600/jets_dR_12
ErrorBars=1
LineColor=green
LineStyle=solid
Path=//eos/home-c/choij/cms-mg4gpu-integration/genValidation/DY01234j_CUDA/merged.yoda.gz/MC_JETS:ENERGY=13600/jets_dR_12
ScaledBy=1.00004549403784461e-06
Title=CUDA
# xlow	 xhigh	 val	 errminus	 errplus
0.000000e+00	2.000000e-01	0.000000e+00	0.000000e+00	0.000000e+00
2.000000e-01	4.000000e-01	1.979430e-01	1.142824e-01	1.142824e-01
4.000000e-01	6.000000e-01	1.088696e+01	8.475484e-01	8.475484e-01
6.000000e-01	8.000000e-01	1.939857e+01	1.131348e+00	1.131348e+00
8.000000e-01	1.000000e+00	2.052031e+01	1.163600e+00	1.163600e+00
1.000000e+00	1.200000e+00	2.975770e+01	1.401235e+00	1.401235e+00
1.200000e+00	1.400000e+00	3.853323e+01	1.594516e+00	1.594516e+00
1.400000e+00	1.600000e+00	5.225725e+01	1.856881e+00	1.856881e+00
1.600000e+00	1.800000e+00	7.238175e+01	2.185374e+00	2.185374e+00
1.800000e+00	2.000000e+00	1.063623e+02	2.649140e+00	2.649140e+00
2.000000e+00	2.200000e+00	1.848141e+02	3.492036e+00	3.492036e+00
2.200000e+00	2.400000e+00	3.252231e+02	4.632356e+00	4.632356e+00
2.400000e+00	2.600000e+00	6.154755e+02	6.372598e+00	6.372598e+00
2.600000e+00	2.800000e+00	1.180607e+03	8.825994e+00	8.825994e+00
2.800000e+00	3.000000e+00	2.501557e+03	1.284743e+01	1.284743e+01
3.000000e+00	3.200000e+00	6.165310e+03	2.016920e+01	2.016920e+01
3.200000e+00	3.400000e+00	3.550400e+03	1.530558e+01	1.530558e+01
3.400000e+00	3.600000e+00	2.035200e+03	1.158817e+01	1.158817e+01
3.600000e+00	3.800000e+00	1.252857e+03	9.092050e+00	9.092050e+00
3.800000e+00	4.000000e+00	7.461190e+02	7.016413e+00	7.016413e+00
4.000000e+00	4.200000e+00	3.869813e+02	5.053078e+00	5.053078e+00
4.200000e+00	4.400000e+00	1.425201e+02	3.066545e+00	3.066545e+00
4.400000e+00	4.600000e+00	6.868675e+01	2.128862e+00	2.128862e+00
4.600000e+00	4.800000e+00	4.414164e+01	1.706614e+00	1.706614e+00
4.800000e+00	5.000000e+00	3.391449e+01	1.495904e+00	1.495904e+00
# END HISTO1D

