# BEGIN PLOT
Legend=1
LogY=1
Title=$\Delta R$ separation between jets
LegendXPos=0.10
LegendYPos=0.5
XLabel=$\Delta{R}(\mathrm{jet~1,~jet~3})$
YLabel=$\mathrm{d}\sigma/\mathrm{d}\Delta{R}(\mathrm{jet~1,~jet~3})$ [pb]
DrawOnly=//eos/home-c/choij/cms-mg4gpu-integration/genValidation/DY01234j_UPSTREAM/merged.yoda.gz/MC_JETS:ENERGY=13600/jets_dR_13 //eos/home-c/choij/cms-mg4gpu-integration/genValidation/DY01234j_CPP512Z/merged.yoda.gz/MC_JETS:ENERGY=13600/jets_dR_13 //eos/home-c/choij/cms-mg4gpu-integration/genValidation/DY01234j_CUDA/merged.yoda.gz/MC_JETS:ENERGY=13600/jets_dR_13
LegendOnly=//eos/home-c/choij/cms-mg4gpu-integration/genValidation/DY01234j_UPSTREAM/merged.yoda.gz/MC_JETS:ENERGY=13600/jets_dR_13 //eos/home-c/choij/cms-mg4gpu-integration/genValidation/DY01234j_CPP512Z/merged.yoda.gz/MC_JETS:ENERGY=13600/jets_dR_13 //eos/home-c/choij/cms-mg4gpu-integration/genValidation/DY01234j_CUDA/merged.yoda.gz/MC_JETS:ENERGY=13600/jets_dR_13
RatioPlot=1
RatioPlotReference=//eos/home-c/choij/cms-mg4gpu-integration/genValidation/DY01234j_UPSTREAM/merged.yoda.gz/MC_JETS:ENERGY=13600/jets_dR_13
RatioPlotYLabel=Ratio
# END PLOT

# BEGIN HISTO1D //eos/home-c/choij/cms-mg4gpu-integration/genValidation/DY01234j_UPSTREAM/merged.yoda.gz/MC_JETS:ENERGY=13600/jets_dR_13
ErrorBars=1
LineColor=red
LineStyle=solid
Path=//eos/home-c/choij/cms-mg4gpu-integration/genValidation/DY01234j_UPSTREAM/merged.yoda.gz/MC_JETS:ENERGY=13600/jets_dR_13
ScaledBy=1.00001996714958461e-06
Title=MG362
# xlow	 xhigh	 val	 errminus	 errplus
0.000000e+00	2.000000e-01	0.000000e+00	0.000000e+00	0.000000e+00
2.000000e-01	4.000000e-01	1.971739e-01	1.138384e-01	1.138384e-01
4.000000e-01	6.000000e-01	1.709145e+01	1.059967e+00	1.059967e+00
6.000000e-01	8.000000e-01	3.260590e+01	1.464048e+00	1.464048e+00
8.000000e-01	1.000000e+00	3.760185e+01	1.572212e+00	1.572212e+00
1.000000e+00	1.200000e+00	5.048535e+01	1.821734e+00	1.821734e+00
1.200000e+00	1.400000e+00	6.784020e+01	2.111774e+00	2.111774e+00
1.400000e+00	1.600000e+00	9.203245e+01	2.459671e+00	2.459671e+00
1.600000e+00	1.800000e+00	1.326559e+02	2.953016e+00	2.953016e+00
1.800000e+00	2.000000e+00	2.020102e+02	3.644115e+00	3.644115e+00
2.000000e+00	2.200000e+00	3.040320e+02	4.470576e+00	4.470576e+00
2.200000e+00	2.400000e+00	3.995487e+02	5.124946e+00	5.124946e+00
2.400000e+00	2.600000e+00	4.940783e+02	5.699050e+00	5.699050e+00
2.600000e+00	2.800000e+00	5.476535e+02	6.000083e+00	6.000083e+00
2.800000e+00	3.000000e+00	5.648095e+02	6.093334e+00	6.093334e+00
3.000000e+00	3.200000e+00	5.462090e+02	5.992174e+00	5.992174e+00
3.200000e+00	3.400000e+00	3.198106e+02	4.585127e+00	4.585127e+00
3.400000e+00	3.600000e+00	2.102261e+02	3.717470e+00	3.717470e+00
3.600000e+00	3.800000e+00	1.506717e+02	3.147200e+00	3.147200e+00
3.800000e+00	4.000000e+00	1.150377e+02	2.749927e+00	2.749927e+00
4.000000e+00	4.200000e+00	7.848870e+01	2.271460e+00	2.271460e+00
4.200000e+00	4.400000e+00	6.554005e+01	2.075675e+00	2.075675e+00
4.400000e+00	4.600000e+00	5.232505e+01	1.854612e+00	1.854612e+00
4.600000e+00	4.800000e+00	4.371512e+01	1.695200e+00	1.695200e+00
4.800000e+00	5.000000e+00	3.313046e+01	1.475748e+00	1.475748e+00
# END HISTO1D


# BEGIN HISTO1D //eos/home-c/choij/cms-mg4gpu-integration/genValidation/DY01234j_CPP512Z/merged.yoda.gz/MC_JETS:ENERGY=13600/jets_dR_13
ErrorBars=1
LineColor=blue
LineStyle=solid
Path=//eos/home-c/choij/cms-mg4gpu-integration/genValidation/DY01234j_CPP512Z/merged.yoda.gz/MC_JETS:ENERGY=13600/jets_dR_13
ScaledBy=1.00000054421021920e-06
Title=CPP-AVX512
# xlow	 xhigh	 val	 errminus	 errplus
0.000000e+00	2.000000e-01	0.000000e+00	0.000000e+00	0.000000e+00
2.000000e-01	4.000000e-01	6.574705e-02	6.574703e-02	6.574703e-02
4.000000e-01	6.000000e-01	1.788544e+01	1.084464e+00	1.084464e+00
6.000000e-01	8.000000e-01	2.939217e+01	1.390202e+00	1.390202e+00
8.000000e-01	1.000000e+00	3.919019e+01	1.605293e+00	1.605293e+00
1.000000e+00	1.200000e+00	4.826394e+01	1.781454e+00	1.781454e+00
1.200000e+00	1.400000e+00	6.858260e+01	2.123595e+00	2.123595e+00
1.400000e+00	1.600000e+00	9.416150e+01	2.488295e+00	2.488295e+00
1.600000e+00	1.800000e+00	1.331536e+02	2.958970e+00	2.958970e+00
1.800000e+00	2.000000e+00	1.930568e+02	3.562929e+00	3.562929e+00
2.000000e+00	2.200000e+00	2.982646e+02	4.428587e+00	4.428587e+00
2.200000e+00	2.400000e+00	4.096542e+02	5.190072e+00	5.190072e+00
2.400000e+00	2.600000e+00	4.923742e+02	5.690002e+00	5.690002e+00
2.600000e+00	2.800000e+00	5.481995e+02	6.003907e+00	6.003907e+00
2.800000e+00	3.000000e+00	5.702275e+02	6.123341e+00	6.123341e+00
3.000000e+00	3.200000e+00	5.424800e+02	5.972510e+00	5.972510e+00
3.200000e+00	3.400000e+00	3.300910e+02	4.658882e+00	4.658882e+00
3.400000e+00	3.600000e+00	2.131121e+02	3.743420e+00	3.743420e+00
3.600000e+00	3.800000e+00	1.474232e+02	3.113493e+00	3.113493e+00
3.800000e+00	4.000000e+00	1.111253e+02	2.703148e+00	2.703148e+00
4.000000e+00	4.200000e+00	8.331170e+01	2.340549e+00	2.340549e+00
4.200000e+00	4.400000e+00	7.160785e+01	2.169935e+00	2.169935e+00
4.400000e+00	4.600000e+00	5.010525e+01	1.815123e+00	1.815123e+00
4.600000e+00	4.800000e+00	3.912457e+01	1.603951e+00	1.603951e+00
4.800000e+00	5.000000e+00	3.373245e+01	1.489324e+00	1.489324e+00
# END HISTO1D


# BEGIN HISTO1D //eos/home-c/choij/cms-mg4gpu-integration/genValidation/DY01234j_CUDA/merged.yoda.gz/MC_JETS:ENERGY=13600/jets_dR_13
ErrorBars=1
LineColor=green
LineStyle=solid
Path=//eos/home-c/choij/cms-mg4gpu-integration/genValidation/DY01234j_CUDA/merged.yoda.gz/MC_JETS:ENERGY=13600/jets_dR_13
ScaledBy=1.00004549403784461e-06
Title=CUDA
# xlow	 xhigh	 val	 errminus	 errplus
0.000000e+00	2.000000e-01	0.000000e+00	0.000000e+00	0.000000e+00
2.000000e-01	4.000000e-01	0.000000e+00	0.000000e+00	0.000000e+00
4.000000e-01	6.000000e-01	1.801298e+01	1.090195e+00	1.090195e+00
6.000000e-01	8.000000e-01	2.777822e+01	1.353828e+00	1.353828e+00
8.000000e-01	1.000000e+00	3.853322e+01	1.594516e+00	1.594516e+00
1.000000e+00	1.200000e+00	4.994800e+01	1.815391e+00	1.815391e+00
1.200000e+00	1.400000e+00	6.908265e+01	2.134989e+00	2.134989e+00
1.400000e+00	1.600000e+00	9.745470e+01	2.535786e+00	2.535786e+00
1.600000e+00	1.800000e+00	1.310393e+02	2.940438e+00	2.940438e+00
1.800000e+00	2.000000e+00	1.999240e+02	3.631981e+00	3.631981e+00
2.000000e+00	2.200000e+00	3.078697e+02	4.507074e+00	4.507074e+00
2.200000e+00	2.400000e+00	4.057202e+02	5.173976e+00	5.173976e+00
2.400000e+00	2.600000e+00	4.886592e+02	5.678246e+00	5.678246e+00
2.600000e+00	2.800000e+00	5.527270e+02	6.039021e+00	6.039021e+00
2.800000e+00	3.000000e+00	5.783940e+02	6.177645e+00	6.177645e+00
3.000000e+00	3.200000e+00	5.424340e+02	5.982527e+00	5.982527e+00
3.200000e+00	3.400000e+00	3.260147e+02	4.637989e+00	4.637989e+00
3.400000e+00	3.600000e+00	2.199163e+02	3.809253e+00	3.809253e+00
3.600000e+00	3.800000e+00	1.506357e+02	3.152645e+00	3.152645e+00
3.800000e+00	4.000000e+00	1.124984e+02	2.724483e+00	2.724483e+00
4.000000e+00	4.200000e+00	8.359850e+01	2.348607e+00	2.348607e+00
4.200000e+00	4.400000e+00	6.743315e+01	2.109346e+00	2.109346e+00
4.400000e+00	4.600000e+00	5.562235e+01	1.915735e+00	1.915735e+00
4.600000e+00	4.800000e+00	4.249209e+01	1.674423e+00	1.674423e+00
4.800000e+00	5.000000e+00	3.272684e+01	1.469479e+00	1.469479e+00
# END HISTO1D

