# BEGIN PLOT
Legend=1
LogY=1
Title=Sum of photon energies
XLabel=$\sum{E_\gamma}$ [GeV]
YLabel=$1/\sigma \, \mathrm{d}\sigma/\mathrm{d}\sum{E_\gamma}$ [GeV$^{-1}$]
RemoveOptions=1
DrawOnly=//data9/Users/choij/cms-mg4gpu-integration/genValidation/DY01234j_13TeV_MG2918/merged.yoda.gz/MC_PHOTONS:ENERGY=13000/sumEgamma //data9/Users/choij/cms-mg4gpu-integration/genValidation/DY01234j_13TeV_MG356/merged.yoda.gz/MC_PHOTONS:ENERGY=13000/sumEgamma //data9/Users/choij/cms-mg4gpu-integration/genValidation/DY01234j_13p6TeV_MG356_noPrimodialKT/merged.yoda.gz/MC_PHOTONS:ENERGY=13000/sumEgamma //data9/Users/choij/cms-mg4gpu-integration/genValidation/DY01234j_13p6TeV_MG356/merged.yoda.gz/MC_PHOTONS:ENERGY=13000/sumEgamma
LegendOnly=//data9/Users/choij/cms-mg4gpu-integration/genValidation/DY01234j_13TeV_MG2918/merged.yoda.gz/MC_PHOTONS:ENERGY=13000/sumEgamma //data9/Users/choij/cms-mg4gpu-integration/genValidation/DY01234j_13TeV_MG356/merged.yoda.gz/MC_PHOTONS:ENERGY=13000/sumEgamma //data9/Users/choij/cms-mg4gpu-integration/genValidation/DY01234j_13p6TeV_MG356_noPrimodialKT/merged.yoda.gz/MC_PHOTONS:ENERGY=13000/sumEgamma //data9/Users/choij/cms-mg4gpu-integration/genValidation/DY01234j_13p6TeV_MG356/merged.yoda.gz/MC_PHOTONS:ENERGY=13000/sumEgamma
RatioPlot=1
RatioPlotReference=//data9/Users/choij/cms-mg4gpu-integration/genValidation/DY01234j_13TeV_MG2918/merged.yoda.gz/MC_PHOTONS:ENERGY=13000/sumEgamma
RatioPlotYLabel=Ratio
# END PLOT

# BEGIN HISTO1D //data9/Users/choij/cms-mg4gpu-integration/genValidation/DY01234j_13TeV_MG2918/merged.yoda.gz/MC_PHOTONS:ENERGY=13000/sumEgamma
ErrorBars=1
LineColor=red
LineStyle=solid
Path=//data9/Users/choij/cms-mg4gpu-integration/genValidation/DY01234j_13TeV_MG2918/merged.yoda.gz/MC_PHOTONS:ENERGY=13000/sumEgamma
ScaledBy=1.93136519108627845e-10
Title=MG2918_13TeV
# xlow	 xhigh	 val	 errminus	 errplus
0.000000e+00	5.200000e+01	3.118965e-04	3.791795e-06	3.791795e-06
5.200000e+01	1.040000e+02	6.336717e-04	5.404760e-06	5.404760e-06
1.040000e+02	1.560000e+02	7.833450e-04	6.009223e-06	6.009223e-06
1.560000e+02	2.080000e+02	8.739325e-04	6.347197e-06	6.347197e-06
2.080000e+02	2.600000e+02	9.478910e-04	6.610374e-06	6.610374e-06
2.600000e+02	3.120000e+02	1.006991e-03	6.813337e-06	6.813337e-06
3.120000e+02	3.640000e+02	1.045703e-03	6.943024e-06	6.943024e-06
3.640000e+02	4.160000e+02	1.069210e-03	7.020619e-06	7.020619e-06
4.160000e+02	4.680000e+02	1.094057e-03	7.101728e-06	7.101728e-06
4.680000e+02	5.200000e+02	1.115583e-03	7.171246e-06	7.171246e-06
5.200000e+02	5.720000e+02	1.111615e-03	7.158469e-06	7.158469e-06
5.720000e+02	6.240000e+02	1.085851e-03	7.075039e-06	7.075039e-06
6.240000e+02	6.760000e+02	1.050500e-03	6.958943e-06	6.958943e-06
6.760000e+02	7.280000e+02	9.954190e-04	6.774072e-06	6.774072e-06
7.280000e+02	7.800000e+02	9.229844e-04	6.522903e-06	6.522903e-06
7.800000e+02	8.320000e+02	8.399062e-04	6.222386e-06	6.222386e-06
8.320000e+02	8.840000e+02	7.514238e-04	5.885610e-06	5.885610e-06
8.840000e+02	9.360000e+02	6.502196e-04	5.474870e-06	5.474870e-06
9.360000e+02	9.880000e+02	5.661846e-04	5.108858e-06	5.108858e-06
9.880000e+02	1.040000e+03	4.786892e-04	4.697551e-06	4.697551e-06
1.040000e+03	1.092000e+03	4.001754e-04	4.295026e-06	4.295026e-06
1.092000e+03	1.144000e+03	3.233300e-04	3.860675e-06	3.860675e-06
1.144000e+03	1.196000e+03	2.653985e-04	3.497845e-06	3.497845e-06
1.196000e+03	1.248000e+03	2.043106e-04	3.068961e-06	3.068961e-06
1.248000e+03	1.300000e+03	1.602854e-04	2.718265e-06	2.718265e-06
1.300000e+03	1.352000e+03	1.264453e-04	2.414293e-06	2.414293e-06
1.352000e+03	1.404000e+03	9.467879e-05	2.089069e-06	2.089069e-06
1.404000e+03	1.456000e+03	7.523104e-05	1.862247e-06	1.862247e-06
1.456000e+03	1.508000e+03	5.720587e-05	1.623884e-06	1.623884e-06
1.508000e+03	1.560000e+03	4.328538e-05	1.412566e-06	1.412566e-06
1.560000e+03	1.612000e+03	3.231471e-05	1.220510e-06	1.220510e-06
1.612000e+03	1.664000e+03	2.489265e-05	1.071210e-06	1.071210e-06
1.664000e+03	1.716000e+03	1.765582e-05	9.021709e-07	9.021709e-07
1.716000e+03	1.768000e+03	1.484453e-05	8.272535e-07	8.272535e-07
1.768000e+03	1.820000e+03	1.166362e-05	7.332862e-07	7.332862e-07
1.820000e+03	1.872000e+03	9.219698e-06	6.519316e-07	6.519316e-07
1.872000e+03	1.924000e+03	6.177113e-06	5.336218e-07	5.336218e-07
1.924000e+03	1.976000e+03	5.347173e-06	4.964730e-07	4.964730e-07
1.976000e+03	2.028000e+03	4.518956e-06	4.564837e-07	4.564837e-07
2.028000e+03	2.080000e+03	3.087827e-06	3.772383e-07	3.772383e-07
2.080000e+03	2.132000e+03	3.135212e-06	3.802005e-07	3.802005e-07
2.132000e+03	2.184000e+03	2.442402e-06	3.354898e-07	3.354898e-07
2.184000e+03	2.236000e+03	1.613515e-06	2.727339e-07	2.727339e-07
2.236000e+03	2.288000e+03	1.475453e-06	2.608260e-07	2.608260e-07
2.288000e+03	2.340000e+03	1.613271e-06	2.726927e-07	2.726927e-07
2.340000e+03	2.392000e+03	7.373190e-07	1.843298e-07	1.843298e-07
2.392000e+03	2.444000e+03	5.076108e-07	1.530504e-07	1.530504e-07
2.444000e+03	2.496000e+03	8.298600e-07	1.956001e-07	1.956001e-07
2.496000e+03	2.548000e+03	4.147110e-07	1.382371e-07	1.382371e-07
2.548000e+03	2.600000e+03	3.686408e-07	1.303343e-07	1.303343e-07
# END HISTO1D


# BEGIN HISTO1D //data9/Users/choij/cms-mg4gpu-integration/genValidation/DY01234j_13TeV_MG356/merged.yoda.gz/MC_PHOTONS:ENERGY=13000/sumEgamma
ErrorBars=1
LineColor=blue
LineStyle=solid
Path=//data9/Users/choij/cms-mg4gpu-integration/genValidation/DY01234j_13TeV_MG356/merged.yoda.gz/MC_PHOTONS:ENERGY=13000/sumEgamma
ScaledBy=1.92519715751570406e-10
Title=MG356_13TeV
# xlow	 xhigh	 val	 errminus	 errplus
0.000000e+00	5.200000e+01	3.075360e-04	3.759117e-06	3.759117e-06
5.200000e+01	1.040000e+02	6.434633e-04	5.437483e-06	5.437483e-06
1.040000e+02	1.560000e+02	7.821710e-04	5.994927e-06	5.994927e-06
1.560000e+02	2.080000e+02	8.774773e-04	6.349705e-06	6.349705e-06
2.080000e+02	2.600000e+02	9.441944e-04	6.586675e-06	6.586675e-06
2.600000e+02	3.120000e+02	9.984904e-04	6.773360e-06	6.773360e-06
3.120000e+02	3.640000e+02	1.041148e-03	6.916592e-06	6.916592e-06
3.640000e+02	4.160000e+02	1.087742e-03	7.069674e-06	7.069674e-06
4.160000e+02	4.680000e+02	1.112409e-03	7.149360e-06	7.149360e-06
4.680000e+02	5.200000e+02	1.093933e-03	7.089728e-06	7.089728e-06
5.200000e+02	5.720000e+02	1.103943e-03	7.122065e-06	7.122065e-06
5.720000e+02	6.240000e+02	1.082416e-03	7.052361e-06	7.052361e-06
6.240000e+02	6.760000e+02	1.061816e-03	6.984876e-06	6.984876e-06
6.760000e+02	7.280000e+02	9.998823e-04	6.778127e-06	6.778127e-06
7.280000e+02	7.800000e+02	9.331242e-04	6.547960e-06	6.547960e-06
7.800000e+02	8.320000e+02	8.321213e-04	6.183403e-06	6.183403e-06
8.320000e+02	8.840000e+02	7.484108e-04	5.864167e-06	5.864167e-06
8.840000e+02	9.360000e+02	6.502079e-04	5.465865e-06	5.465865e-06
9.360000e+02	9.880000e+02	5.624144e-04	5.083537e-06	5.083537e-06
9.880000e+02	1.040000e+03	4.780423e-04	4.686691e-06	4.686691e-06
1.040000e+03	1.092000e+03	4.035700e-04	4.306234e-06	4.306234e-06
1.092000e+03	1.144000e+03	3.256408e-04	3.868190e-06	3.868190e-06
1.144000e+03	1.196000e+03	2.563479e-04	3.432035e-06	3.432035e-06
1.196000e+03	1.248000e+03	2.029565e-04	3.053793e-06	3.053793e-06
1.248000e+03	1.300000e+03	1.590743e-04	2.703564e-06	2.703564e-06
1.300000e+03	1.352000e+03	1.223140e-04	2.370677e-06	2.370677e-06
1.352000e+03	1.404000e+03	9.837742e-05	2.126118e-06	2.126118e-06
1.404000e+03	1.456000e+03	7.677892e-05	1.878253e-06	1.878253e-06
1.456000e+03	1.508000e+03	5.486185e-05	1.587700e-06	1.587700e-06
1.508000e+03	1.560000e+03	4.264010e-05	1.399731e-06	1.399731e-06
1.560000e+03	1.612000e+03	3.441577e-05	1.257526e-06	1.257526e-06
1.612000e+03	1.664000e+03	2.370979e-05	1.043766e-06	1.043766e-06
1.664000e+03	1.716000e+03	1.837866e-05	9.189332e-07	9.189332e-07
1.716000e+03	1.768000e+03	1.461124e-05	8.193578e-07	8.193578e-07
1.768000e+03	1.820000e+03	1.157945e-05	7.294373e-07	7.294373e-07
1.820000e+03	1.872000e+03	8.960456e-06	6.416720e-07	6.416720e-07
1.872000e+03	1.924000e+03	6.478850e-06	5.456179e-07	5.456179e-07
1.924000e+03	1.976000e+03	6.019625e-06	5.259373e-07	5.259373e-07
1.976000e+03	2.028000e+03	4.593838e-06	4.593841e-07	4.593841e-07
2.028000e+03	2.080000e+03	3.538685e-06	4.032707e-07	4.032707e-07
2.080000e+03	2.132000e+03	2.251196e-06	3.215995e-07	3.215995e-07
2.132000e+03	2.184000e+03	2.205258e-06	3.183017e-07	3.183017e-07
2.184000e+03	2.236000e+03	1.791928e-06	2.869382e-07	2.869382e-07
2.236000e+03	2.288000e+03	1.516368e-06	2.639659e-07	2.639659e-07
2.288000e+03	2.340000e+03	1.562510e-06	2.679684e-07	2.679684e-07
2.340000e+03	2.392000e+03	1.056677e-06	2.203326e-07	2.203326e-07
2.392000e+03	2.444000e+03	8.731038e-07	2.003039e-07	2.003039e-07
2.444000e+03	2.496000e+03	7.353971e-07	1.838493e-07	1.838493e-07
2.496000e+03	2.548000e+03	4.597140e-07	1.453744e-07	1.453744e-07
2.548000e+03	2.600000e+03	6.433642e-07	1.719465e-07	1.719465e-07
# END HISTO1D


# BEGIN HISTO1D //data9/Users/choij/cms-mg4gpu-integration/genValidation/DY01234j_13p6TeV_MG356_noPrimodialKT/merged.yoda.gz/MC_PHOTONS:ENERGY=13000/sumEgamma
ErrorBars=1
LineColor=green
LineStyle=solid
Path=//data9/Users/choij/cms-mg4gpu-integration/genValidation/DY01234j_13p6TeV_MG356_noPrimodialKT/merged.yoda.gz/MC_PHOTONS:ENERGY=13000/sumEgamma
ScaledBy=1.83046339553705568e-10
Title=MG356_13p6TeV
# xlow	 xhigh	 val	 errminus	 errplus
0.000000e+00	5.440000e+01	3.080487e-04	3.697505e-06	3.697505e-06
5.440000e+01	1.088000e+02	6.262643e-04	5.272044e-06	5.272044e-06
1.088000e+02	1.632000e+02	7.638057e-04	5.822275e-06	5.822275e-06
1.632000e+02	2.176000e+02	8.705904e-04	6.215970e-06	6.215970e-06
2.176000e+02	2.720000e+02	9.373763e-04	6.449959e-06	6.449959e-06
2.720000e+02	3.264000e+02	9.845993e-04	6.610436e-06	6.610436e-06
3.264000e+02	3.808000e+02	1.035153e-03	6.778030e-06	6.778030e-06
3.808000e+02	4.352000e+02	1.052864e-03	6.835774e-06	6.835774e-06
4.352000e+02	4.896000e+02	1.072966e-03	6.900714e-06	6.900714e-06
4.896000e+02	5.440000e+02	1.087609e-03	6.947632e-06	6.947632e-06
5.440000e+02	5.984000e+02	1.080066e-03	6.923508e-06	6.923508e-06
5.984000e+02	6.528000e+02	1.053403e-03	6.837546e-06	6.837546e-06
6.528000e+02	7.072000e+02	1.013365e-03	6.706325e-06	6.706325e-06
7.072000e+02	7.616000e+02	9.546884e-04	6.509261e-06	6.509261e-06
7.616000e+02	8.160000e+02	8.842498e-04	6.264511e-06	6.264511e-06
8.160000e+02	8.704000e+02	7.890555e-04	5.917716e-06	5.917716e-06
8.704000e+02	9.248000e+02	6.992678e-04	5.570842e-06	5.570842e-06
9.248000e+02	9.792000e+02	5.958572e-04	5.142439e-06	5.142439e-06
9.792000e+02	1.033600e+03	5.207585e-04	4.807437e-06	4.807437e-06
1.033600e+03	1.088000e+03	4.282289e-04	4.359484e-06	4.359484e-06
1.088000e+03	1.142400e+03	3.508743e-04	3.946148e-06	3.946148e-06
1.142400e+03	1.196800e+03	2.869761e-04	3.568849e-06	3.568849e-06
1.196800e+03	1.251200e+03	2.274116e-04	3.176935e-06	3.176935e-06
1.251200e+03	1.305600e+03	1.733529e-04	2.773737e-06	2.773737e-06
1.305600e+03	1.360000e+03	1.387364e-04	2.481396e-06	2.481396e-06
1.360000e+03	1.414400e+03	1.078878e-04	2.188165e-06	2.188165e-06
1.414400e+03	1.468800e+03	8.108296e-05	1.896971e-06	1.896971e-06
1.468800e+03	1.523200e+03	6.159908e-05	1.653407e-06	1.653407e-06
1.523200e+03	1.577600e+03	4.535851e-05	1.418841e-06	1.418841e-06
1.577600e+03	1.632000e+03	3.563941e-05	1.257688e-06	1.257688e-06
1.632000e+03	1.686400e+03	2.658476e-05	1.086224e-06	1.086224e-06
1.686400e+03	1.740800e+03	2.010636e-05	9.446797e-07	9.446797e-07
1.740800e+03	1.795200e+03	1.322560e-05	7.661387e-07	7.661387e-07
1.795200e+03	1.849600e+03	1.136290e-05	7.101815e-07	7.101815e-07
1.849600e+03	1.904000e+03	9.408994e-06	6.462128e-07	6.462128e-07
1.904000e+03	1.958400e+03	7.144583e-06	5.630724e-07	5.630724e-07
1.958400e+03	2.012800e+03	4.571906e-06	4.504835e-07	4.504835e-07
2.012800e+03	2.067200e+03	4.305086e-06	4.371156e-07	4.371156e-07
2.067200e+03	2.121600e+03	3.017827e-06	3.659656e-07	3.659656e-07
2.121600e+03	2.176000e+03	2.885199e-06	3.578650e-07	3.578650e-07
2.176000e+03	2.230400e+03	2.485426e-06	3.321293e-07	3.321293e-07
2.230400e+03	2.284800e+03	2.040925e-06	3.009182e-07	3.009182e-07
2.284800e+03	2.339200e+03	1.819161e-06	2.841054e-07	2.841054e-07
2.339200e+03	2.393600e+03	1.065013e-06	2.173951e-07	2.173951e-07
2.393600e+03	2.448000e+03	7.990443e-07	1.883367e-07	1.883367e-07
2.448000e+03	2.502400e+03	6.655835e-07	1.718530e-07	1.718530e-07
2.502400e+03	2.556800e+03	3.996292e-07	1.332098e-07	1.332098e-07
2.556800e+03	2.611200e+03	4.883404e-07	1.472403e-07	1.472403e-07
2.611200e+03	2.665600e+03	6.213879e-07	1.660730e-07	1.660730e-07
2.665600e+03	2.720000e+03	5.768702e-07	1.599951e-07	1.599951e-07
# END HISTO1D


# BEGIN HISTO1D //data9/Users/choij/cms-mg4gpu-integration/genValidation/DY01234j_13p6TeV_MG356/merged.yoda.gz/MC_PHOTONS:ENERGY=13000/sumEgamma
ErrorBars=1
LineColor=orange
LineStyle=solid
Path=//data9/Users/choij/cms-mg4gpu-integration/genValidation/DY01234j_13p6TeV_MG356/merged.yoda.gz/MC_PHOTONS:ENERGY=13000/sumEgamma
ScaledBy=1.83487541461991668e-10
Title=MG356_13p6TeV_primordialKT
# xlow	 xhigh	 val	 errminus	 errplus
0.000000e+00	5.440000e+01	2.985858e-04	3.645633e-06	3.645633e-06
5.440000e+01	1.088000e+02	6.028542e-04	5.180111e-06	5.180111e-06
1.088000e+02	1.632000e+02	7.377274e-04	5.730367e-06	5.730367e-06
1.632000e+02	2.176000e+02	8.327509e-04	6.088218e-06	6.088218e-06
2.176000e+02	2.720000e+02	9.040167e-04	6.343393e-06	6.343393e-06
2.720000e+02	3.264000e+02	9.479013e-04	6.495526e-06	6.495526e-06
3.264000e+02	3.808000e+02	9.883480e-04	6.632614e-06	6.632614e-06
3.808000e+02	4.352000e+02	1.015655e-03	6.723688e-06	6.723688e-06
4.352000e+02	4.896000e+02	1.042060e-03	6.810561e-06	6.810561e-06
4.896000e+02	5.440000e+02	1.041328e-03	6.808107e-06	6.808107e-06
5.440000e+02	5.984000e+02	1.038645e-03	6.799289e-06	6.799289e-06
5.984000e+02	6.528000e+02	1.022240e-03	6.745442e-06	6.745442e-06
6.528000e+02	7.072000e+02	1.003019e-03	6.681754e-06	6.681754e-06
7.072000e+02	7.616000e+02	9.416204e-04	6.473953e-06	6.473953e-06
7.616000e+02	8.160000e+02	8.829597e-04	6.269070e-06	6.269070e-06
8.160000e+02	8.704000e+02	8.098697e-04	6.003979e-06	6.003979e-06
8.704000e+02	9.248000e+02	7.292215e-04	5.697219e-06	5.697219e-06
9.248000e+02	9.792000e+02	6.429592e-04	5.349643e-06	5.349643e-06
9.792000e+02	1.033600e+03	5.473943e-04	4.936092e-06	4.936092e-06
1.033600e+03	1.088000e+03	4.642046e-04	4.545570e-06	4.545570e-06
1.088000e+03	1.142400e+03	3.887142e-04	4.159573e-06	4.159573e-06
1.142400e+03	1.196800e+03	3.185682e-04	3.765626e-06	3.765626e-06
1.196800e+03	1.251200e+03	2.645706e-04	3.431646e-06	3.431646e-06
1.251200e+03	1.305600e+03	2.052814e-04	3.022771e-06	3.022771e-06
1.305600e+03	1.360000e+03	1.597467e-04	2.666524e-06	2.666524e-06
1.360000e+03	1.414400e+03	1.254313e-04	2.362847e-06	2.362847e-06
1.414400e+03	1.468800e+03	1.006827e-04	2.116942e-06	2.116942e-06
1.468800e+03	1.523200e+03	7.869423e-05	1.871552e-06	1.871552e-06
1.523200e+03	1.577600e+03	5.933268e-05	1.625096e-06	1.625096e-06
1.577600e+03	1.632000e+03	4.424292e-05	1.403301e-06	1.403301e-06
1.632000e+03	1.686400e+03	3.280585e-05	1.208419e-06	1.208419e-06
1.686400e+03	1.740800e+03	2.465818e-05	1.047626e-06	1.047626e-06
1.740800e+03	1.795200e+03	1.811569e-05	8.979617e-07	8.979617e-07
1.795200e+03	1.849600e+03	1.326391e-05	7.683582e-07	7.683582e-07
1.849600e+03	1.904000e+03	1.143897e-05	7.135434e-07	7.135434e-07
1.904000e+03	1.958400e+03	8.367730e-06	6.102797e-07	6.102797e-07
1.958400e+03	2.012800e+03	6.766667e-06	5.488495e-07	5.488495e-07
2.012800e+03	2.067200e+03	5.029566e-06	4.731421e-07	4.731421e-07
2.067200e+03	2.121600e+03	4.229132e-06	4.339001e-07	4.339001e-07
2.121600e+03	2.176000e+03	3.471792e-06	3.931032e-07	3.931032e-07
2.176000e+03	2.230400e+03	2.358735e-06	3.239975e-07	3.239975e-07
2.230400e+03	2.284800e+03	2.848614e-06	3.560769e-07	3.560769e-07
2.284800e+03	2.339200e+03	1.913750e-06	2.918443e-07	2.918443e-07
2.339200e+03	2.393600e+03	1.380305e-06	2.479103e-07	2.479103e-07
2.393600e+03	2.448000e+03	1.335669e-06	2.438588e-07	2.438588e-07
2.448000e+03	2.502400e+03	1.201631e-06	2.312541e-07	2.312541e-07
2.502400e+03	2.556800e+03	9.349629e-07	2.040257e-07	2.040257e-07
2.556800e+03	2.611200e+03	4.451393e-07	1.407655e-07	1.407655e-07
2.611200e+03	2.665600e+03	7.118717e-07	1.779680e-07	1.779680e-07
2.665600e+03	2.720000e+03	4.451634e-07	1.407731e-07	1.407731e-07
# END HISTO1D

