# BEGIN PLOT
Legend=1
LogY=1
Title=Rapidity of first jet
XLabel=$y(\mathrm{jet~1})$
YLabel=$\mathrm{d}\sigma/\mathrm{d}y(\mathrm{jet~1})$ [pb]
LegendYPos=0.5
LegendXPos=0.3
RemoveOptions=1
DrawOnly=//data9/Users/choij/cms-mg4gpu-integration/genValidation/DY01234j_13TeV_MG2918/merged.yoda.gz/MC_JETS:ENERGY=13000/jet_y_1 //data9/Users/choij/cms-mg4gpu-integration/genValidation/DY01234j_13TeV_MG356/merged.yoda.gz/MC_JETS:ENERGY=13000/jet_y_1 //data9/Users/choij/cms-mg4gpu-integration/genValidation/DY01234j_13p6TeV_MG356_noPrimodialKT/merged.yoda.gz/MC_JETS:ENERGY=13000/jet_y_1 //data9/Users/choij/cms-mg4gpu-integration/genValidation/DY01234j_13p6TeV_MG356/merged.yoda.gz/MC_JETS:ENERGY=13000/jet_y_1
LegendOnly=//data9/Users/choij/cms-mg4gpu-integration/genValidation/DY01234j_13TeV_MG2918/merged.yoda.gz/MC_JETS:ENERGY=13000/jet_y_1 //data9/Users/choij/cms-mg4gpu-integration/genValidation/DY01234j_13TeV_MG356/merged.yoda.gz/MC_JETS:ENERGY=13000/jet_y_1 //data9/Users/choij/cms-mg4gpu-integration/genValidation/DY01234j_13p6TeV_MG356_noPrimodialKT/merged.yoda.gz/MC_JETS:ENERGY=13000/jet_y_1 //data9/Users/choij/cms-mg4gpu-integration/genValidation/DY01234j_13p6TeV_MG356/merged.yoda.gz/MC_JETS:ENERGY=13000/jet_y_1
RatioPlot=1
RatioPlotReference=//data9/Users/choij/cms-mg4gpu-integration/genValidation/DY01234j_13TeV_MG2918/merged.yoda.gz/MC_JETS:ENERGY=13000/jet_y_1
RatioPlotYLabel=Ratio
# END PLOT

# BEGIN HISTO1D //data9/Users/choij/cms-mg4gpu-integration/genValidation/DY01234j_13TeV_MG2918/merged.yoda.gz/MC_JETS:ENERGY=13000/jet_y_1
ErrorBars=1
LineColor=red
LineStyle=solid
Path=//data9/Users/choij/cms-mg4gpu-integration/genValidation/DY01234j_13TeV_MG2918/merged.yoda.gz/MC_JETS:ENERGY=13000/jet_y_1
ScaledBy=1.00001639083033487e-06
Title=MG2918_13TeV
# xlow	 xhigh	 val	 errminus	 errplus
-5.000000e+00	-4.800000e+00	3.766889e+01	1.528934e+00	1.528934e+00
-4.800000e+00	-4.600000e+00	6.193285e+01	1.960451e+00	1.960451e+00
-4.600000e+00	-4.400000e+00	8.539205e+01	2.302016e+00	2.302016e+00
-4.400000e+00	-4.200000e+00	1.273437e+02	2.811183e+00	2.811183e+00
-4.200000e+00	-4.000000e+00	1.544035e+02	3.095512e+00	3.095512e+00
-4.000000e+00	-3.800000e+00	1.985249e+02	3.510010e+00	3.510010e+00
-3.800000e+00	-3.600000e+00	2.478675e+02	3.922074e+00	3.922074e+00
-3.600000e+00	-3.400000e+00	2.975597e+02	4.297146e+00	4.297146e+00
-3.400000e+00	-3.200000e+00	3.469060e+02	4.639873e+00	4.639873e+00
-3.200000e+00	-3.000000e+00	3.896709e+02	4.917598e+00	4.917598e+00
-3.000000e+00	-2.800000e+00	4.406842e+02	5.229594e+00	5.229594e+00
-2.800000e+00	-2.600000e+00	4.760022e+02	5.435149e+00	5.435149e+00
-2.600000e+00	-2.400000e+00	5.108685e+02	5.630626e+00	5.630626e+00
-2.400000e+00	-2.200000e+00	5.451990e+02	5.816803e+00	5.816803e+00
-2.200000e+00	-2.000000e+00	5.784515e+02	5.991504e+00	5.991504e+00
-2.000000e+00	-1.800000e+00	5.973765e+02	6.088715e+00	6.088715e+00
-1.800000e+00	-1.600000e+00	6.122710e+02	6.164152e+00	6.164152e+00
-1.600000e+00	-1.400000e+00	6.417530e+02	6.310834e+00	6.310834e+00
-1.400000e+00	-1.200000e+00	6.561455e+02	6.381183e+00	6.381183e+00
-1.200000e+00	-1.000000e+00	6.735205e+02	6.465116e+00	6.465116e+00
-1.000000e+00	-8.000000e-01	6.709160e+02	6.452612e+00	6.452612e+00
-8.000000e-01	-6.000000e-01	6.839535e+02	6.515029e+00	6.515029e+00
-6.000000e-01	-4.000000e-01	6.925740e+02	6.555932e+00	6.555932e+00
-4.000000e-01	-2.000000e-01	6.982965e+02	6.583022e+00	6.583022e+00
-2.000000e-01	0.000000e+00	6.906445e+02	6.546766e+00	6.546766e+00
0.000000e+00	2.000000e-01	7.078970e+02	6.628031e+00	6.628031e+00
2.000000e-01	4.000000e-01	6.960480e+02	6.572345e+00	6.572345e+00
4.000000e-01	6.000000e-01	6.979255e+02	6.581276e+00	6.581276e+00
6.000000e-01	8.000000e-01	6.900320e+02	6.543898e+00	6.543898e+00
8.000000e-01	1.000000e+00	6.714830e+02	6.455376e+00	6.455376e+00
1.000000e+00	1.200000e+00	6.722925e+02	6.459278e+00	6.459278e+00
1.200000e+00	1.400000e+00	6.416970e+02	6.310592e+00	6.310592e+00
1.400000e+00	1.600000e+00	6.427465e+02	6.315722e+00	6.315722e+00
1.600000e+00	1.800000e+00	6.071250e+02	6.138220e+00	6.138220e+00
1.800000e+00	2.000000e+00	5.937315e+02	6.070194e+00	6.070194e+00
2.000000e+00	2.200000e+00	5.718720e+02	5.957327e+00	5.957327e+00
2.200000e+00	2.400000e+00	5.382360e+02	5.779472e+00	5.779472e+00
2.400000e+00	2.600000e+00	5.118700e+02	5.636189e+00	5.636189e+00
2.600000e+00	2.800000e+00	4.828036e+02	5.473698e+00	5.473698e+00
2.800000e+00	3.000000e+00	4.251038e+02	5.136295e+00	5.136295e+00
3.000000e+00	3.200000e+00	3.884262e+02	4.909716e+00	4.909716e+00
3.200000e+00	3.400000e+00	3.489522e+02	4.653526e+00	4.653526e+00
3.400000e+00	3.600000e+00	2.939061e+02	4.270739e+00	4.270739e+00
3.600000e+00	3.800000e+00	2.433874e+02	3.886373e+00	3.886373e+00
3.800000e+00	4.000000e+00	1.971605e+02	3.497934e+00	3.497934e+00
4.000000e+00	4.200000e+00	1.610393e+02	3.161285e+00	3.161285e+00
4.200000e+00	4.400000e+00	1.185915e+02	2.712837e+00	2.712837e+00
4.400000e+00	4.600000e+00	8.812325e+01	2.338550e+00	2.338550e+00
4.600000e+00	4.800000e+00	6.236960e+01	1.967389e+00	1.967389e+00
4.800000e+00	5.000000e+00	4.046340e+01	1.584670e+00	1.584670e+00
# END HISTO1D


# BEGIN HISTO1D //data9/Users/choij/cms-mg4gpu-integration/genValidation/DY01234j_13TeV_MG356/merged.yoda.gz/MC_JETS:ENERGY=13000/jet_y_1
ErrorBars=1
LineColor=blue
LineStyle=solid
Path=//data9/Users/choij/cms-mg4gpu-integration/genValidation/DY01234j_13TeV_MG356/merged.yoda.gz/MC_JETS:ENERGY=13000/jet_y_1
ScaledBy=1.00000391479478877e-06
Title=MG356_13TeV
# xlow	 xhigh	 val	 errminus	 errplus
-5.000000e+00	-4.800000e+00	4.083078e+01	1.591751e+00	1.591751e+00
-4.800000e+00	-4.600000e+00	6.342115e+01	1.983850e+00	1.983850e+00
-4.600000e+00	-4.400000e+00	8.470610e+01	2.292707e+00	2.292707e+00
-4.400000e+00	-4.200000e+00	1.223683e+02	2.755598e+00	2.755598e+00
-4.200000e+00	-4.000000e+00	1.573044e+02	3.124297e+00	3.124297e+00
-4.000000e+00	-3.800000e+00	2.037836e+02	3.556050e+00	3.556050e+00
-3.800000e+00	-3.600000e+00	2.470980e+02	3.915785e+00	3.915785e+00
-3.600000e+00	-3.400000e+00	2.940711e+02	4.271784e+00	4.271784e+00
-3.400000e+00	-3.200000e+00	3.460815e+02	4.634238e+00	4.634238e+00
-3.200000e+00	-3.000000e+00	3.986320e+02	4.973586e+00	4.973586e+00
-3.000000e+00	-2.800000e+00	4.296081e+02	5.163279e+00	5.163279e+00
-2.800000e+00	-2.600000e+00	4.849597e+02	5.485818e+00	5.485818e+00
-2.600000e+00	-2.400000e+00	5.121955e+02	5.637726e+00	5.637726e+00
-2.400000e+00	-2.200000e+00	5.402360e+02	5.789942e+00	5.789942e+00
-2.200000e+00	-2.000000e+00	5.703995e+02	5.949418e+00	5.949418e+00
-2.000000e+00	-1.800000e+00	5.933515e+02	6.067893e+00	6.067893e+00
-1.800000e+00	-1.600000e+00	6.218440e+02	6.211926e+00	6.211926e+00
-1.600000e+00	-1.400000e+00	6.432435e+02	6.317858e+00	6.317858e+00
-1.400000e+00	-1.200000e+00	6.561025e+02	6.380766e+00	6.380766e+00
-1.200000e+00	-1.000000e+00	6.641755e+02	6.419930e+00	6.419930e+00
-1.000000e+00	-8.000000e-01	6.805340e+02	6.498394e+00	6.498394e+00
-8.000000e-01	-6.000000e-01	6.915300e+02	6.550744e+00	6.550744e+00
-6.000000e-01	-4.000000e-01	6.916545e+02	6.551334e+00	6.551334e+00
-4.000000e-01	-2.000000e-01	6.973005e+02	6.578018e+00	6.578018e+00
-2.000000e-01	0.000000e+00	7.045585e+02	6.612152e+00	6.612152e+00
0.000000e+00	2.000000e-01	6.941410e+02	6.563120e+00	6.563120e+00
2.000000e-01	4.000000e-01	6.863775e+02	6.526283e+00	6.526283e+00
4.000000e-01	6.000000e-01	6.958215e+02	6.571084e+00	6.571084e+00
6.000000e-01	8.000000e-01	6.928980e+02	6.557233e+00	6.557233e+00
8.000000e-01	1.000000e+00	6.739175e+02	6.466840e+00	6.466840e+00
1.000000e+00	1.200000e+00	6.612575e+02	6.405806e+00	6.405806e+00
1.200000e+00	1.400000e+00	6.510130e+02	6.355964e+00	6.355964e+00
1.400000e+00	1.600000e+00	6.330085e+02	6.267416e+00	6.267416e+00
1.600000e+00	1.800000e+00	6.271740e+02	6.238459e+00	6.238459e+00
1.800000e+00	2.000000e+00	6.014860e+02	6.109374e+00	6.109374e+00
2.000000e+00	2.200000e+00	5.781030e+02	5.989503e+00	5.989503e+00
2.200000e+00	2.400000e+00	5.542000e+02	5.864309e+00	5.864309e+00
2.400000e+00	2.600000e+00	5.084055e+02	5.616798e+00	5.616798e+00
2.600000e+00	2.800000e+00	4.784368e+02	5.448759e+00	5.448759e+00
2.800000e+00	3.000000e+00	4.433709e+02	5.245250e+00	5.245250e+00
3.000000e+00	3.200000e+00	3.932447e+02	4.939935e+00	4.939935e+00
3.200000e+00	3.400000e+00	3.434632e+02	4.616593e+00	4.616593e+00
3.400000e+00	3.600000e+00	2.933914e+02	4.266866e+00	4.266866e+00
3.600000e+00	3.800000e+00	2.519381e+02	3.953949e+00	3.953949e+00
3.800000e+00	4.000000e+00	2.043383e+02	3.560854e+00	3.560854e+00
4.000000e+00	4.200000e+00	1.639385e+02	3.189442e+00	3.189442e+00
4.200000e+00	4.400000e+00	1.213193e+02	2.743828e+00	2.743828e+00
4.400000e+00	4.600000e+00	9.214940e+01	2.391274e+00	2.391274e+00
4.600000e+00	4.800000e+00	6.255040e+01	1.970154e+00	1.970154e+00
4.800000e+00	5.000000e+00	3.872171e+01	1.550110e+00	1.550110e+00
# END HISTO1D


# BEGIN HISTO1D //data9/Users/choij/cms-mg4gpu-integration/genValidation/DY01234j_13p6TeV_MG356_noPrimodialKT/merged.yoda.gz/MC_JETS:ENERGY=13000/jet_y_1
ErrorBars=1
LineColor=green
LineStyle=solid
Path=//data9/Users/choij/cms-mg4gpu-integration/genValidation/DY01234j_13p6TeV_MG356_noPrimodialKT/merged.yoda.gz/MC_JETS:ENERGY=13000/jet_y_1
ScaledBy=1.00001010505697575e-06
Title=MG356_13p6TeV
# xlow	 xhigh	 val	 errminus	 errplus
-5.000000e+00	-4.800000e+00	4.484623e+01	1.719775e+00	1.719775e+00
-4.800000e+00	-4.600000e+00	6.805650e+01	2.118507e+00	2.118507e+00
-4.600000e+00	-4.400000e+00	1.028121e+02	2.603882e+00	2.603882e+00
-4.400000e+00	-4.200000e+00	1.322295e+02	2.953055e+00	2.953055e+00
-4.200000e+00	-4.000000e+00	1.723259e+02	3.371175e+00	3.371175e+00
-4.000000e+00	-3.800000e+00	2.202740e+02	3.811451e+00	3.811451e+00
-3.800000e+00	-3.600000e+00	2.637392e+02	4.170607e+00	4.170607e+00
-3.600000e+00	-3.400000e+00	3.157633e+02	4.563361e+00	4.563361e+00
-3.400000e+00	-3.200000e+00	3.641721e+02	4.900706e+00	4.900706e+00
-3.200000e+00	-3.000000e+00	4.179135e+02	5.249826e+00	5.249826e+00
-3.000000e+00	-2.800000e+00	4.657247e+02	5.541990e+00	5.541990e+00
-2.800000e+00	-2.600000e+00	4.989115e+02	5.736135e+00	5.736135e+00
-2.600000e+00	-2.400000e+00	5.344000e+02	5.936685e+00	5.936685e+00
-2.400000e+00	-2.200000e+00	5.720470e+02	6.142176e+00	6.142176e+00
-2.200000e+00	-2.000000e+00	6.014630e+02	6.298131e+00	6.298131e+00
-2.000000e+00	-1.800000e+00	6.213770e+02	6.401531e+00	6.401531e+00
-1.800000e+00	-1.600000e+00	6.487425e+02	6.540957e+00	6.540957e+00
-1.600000e+00	-1.400000e+00	6.801495e+02	6.697488e+00	6.697488e+00
-1.400000e+00	-1.200000e+00	6.854755e+02	6.723582e+00	6.723582e+00
-1.200000e+00	-1.000000e+00	6.878545e+02	6.735264e+00	6.735264e+00
-1.000000e+00	-8.000000e-01	6.955665e+02	6.772895e+00	6.772895e+00
-8.000000e-01	-6.000000e-01	7.173330e+02	6.878070e+00	6.878070e+00
-6.000000e-01	-4.000000e-01	7.266965e+02	6.922808e+00	6.922808e+00
-4.000000e-01	-2.000000e-01	7.282230e+02	6.930119e+00	6.930119e+00
-2.000000e-01	0.000000e+00	7.319040e+02	6.947557e+00	6.947557e+00
0.000000e+00	2.000000e-01	7.323035e+02	6.949468e+00	6.949468e+00
2.000000e-01	4.000000e-01	7.363425e+02	6.968685e+00	6.968685e+00
4.000000e-01	6.000000e-01	7.240570e+02	6.910217e+00	6.910217e+00
6.000000e-01	8.000000e-01	7.311260e+02	6.943925e+00	6.943925e+00
8.000000e-01	1.000000e+00	7.067815e+02	6.827298e+00	6.827298e+00
1.000000e+00	1.200000e+00	6.999310e+02	6.794172e+00	6.794172e+00
1.200000e+00	1.400000e+00	6.924670e+02	6.757792e+00	6.757792e+00
1.400000e+00	1.600000e+00	6.779075e+02	6.686443e+00	6.686443e+00
1.600000e+00	1.800000e+00	6.480150e+02	6.537278e+00	6.537278e+00
1.800000e+00	2.000000e+00	6.205125e+02	6.397040e+00	6.397040e+00
2.000000e+00	2.200000e+00	5.949995e+02	6.264198e+00	6.264198e+00
2.200000e+00	2.400000e+00	5.654475e+02	6.106619e+00	6.106619e+00
2.400000e+00	2.600000e+00	5.355865e+02	5.943267e+00	5.943267e+00
2.600000e+00	2.800000e+00	4.959412e+02	5.719019e+00	5.719019e+00
2.800000e+00	3.000000e+00	4.749723e+02	5.596829e+00	5.596829e+00
3.000000e+00	3.200000e+00	4.097501e+02	5.198387e+00	5.198387e+00
3.200000e+00	3.400000e+00	3.640394e+02	4.899809e+00	4.899809e+00
3.400000e+00	3.600000e+00	3.158266e+02	4.563799e+00	4.563799e+00
3.600000e+00	3.800000e+00	2.674903e+02	4.200097e+00	4.200097e+00
3.800000e+00	4.000000e+00	2.174292e+02	3.786681e+00	3.786681e+00
4.000000e+00	4.200000e+00	1.798338e+02	3.443731e+00	3.443731e+00
4.200000e+00	4.400000e+00	1.325547e+02	2.956634e+00	2.956634e+00
4.400000e+00	4.600000e+00	9.997910e+01	2.567792e+00	2.567792e+00
4.600000e+00	4.800000e+00	6.951040e+01	2.141065e+00	2.141065e+00
4.800000e+00	5.000000e+00	4.774800e+01	1.774541e+00	1.774541e+00
# END HISTO1D


# BEGIN HISTO1D //data9/Users/choij/cms-mg4gpu-integration/genValidation/DY01234j_13p6TeV_MG356/merged.yoda.gz/MC_JETS:ENERGY=13000/jet_y_1
ErrorBars=1
LineColor=orange
LineStyle=solid
Path=//data9/Users/choij/cms-mg4gpu-integration/genValidation/DY01234j_13p6TeV_MG356/merged.yoda.gz/MC_JETS:ENERGY=13000/jet_y_1
ScaledBy=1.00002898559791416e-06
Title=MG356_13p6TeV_primordialKT
# xlow	 xhigh	 val	 errminus	 errplus
-5.000000e+00	-4.800000e+00	4.295458e+01	1.683524e+00	1.683524e+00
-4.800000e+00	-4.600000e+00	7.000700e+01	2.149235e+00	2.149235e+00
-4.600000e+00	-4.400000e+00	9.970490e+01	2.564983e+00	2.564983e+00
-4.400000e+00	-4.200000e+00	1.361265e+02	2.997046e+00	2.997046e+00
-4.200000e+00	-4.000000e+00	1.796789e+02	3.443289e+00	3.443289e+00
-4.000000e+00	-3.800000e+00	2.134592e+02	3.752994e+00	3.752994e+00
-3.800000e+00	-3.600000e+00	2.713270e+02	4.231230e+00	4.231230e+00
-3.600000e+00	-3.400000e+00	3.170449e+02	4.573770e+00	4.573770e+00
-3.400000e+00	-3.200000e+00	3.588201e+02	4.865835e+00	4.865835e+00
-3.200000e+00	-3.000000e+00	4.147854e+02	5.231625e+00	5.231625e+00
-3.000000e+00	-2.800000e+00	4.715869e+02	5.578277e+00	5.578277e+00
-2.800000e+00	-2.600000e+00	5.003510e+02	5.745853e+00	5.745853e+00
-2.600000e+00	-2.400000e+00	5.374450e+02	5.955094e+00	5.955094e+00
-2.400000e+00	-2.200000e+00	5.578335e+02	6.066995e+00	6.066995e+00
-2.200000e+00	-2.000000e+00	6.024990e+02	6.305178e+00	6.305178e+00
-2.000000e+00	-1.800000e+00	6.220280e+02	6.406538e+00	6.406538e+00
-1.800000e+00	-1.600000e+00	6.444095e+02	6.520845e+00	6.520845e+00
-1.600000e+00	-1.400000e+00	6.734990e+02	6.666350e+00	6.666350e+00
-1.400000e+00	-1.200000e+00	6.878225e+02	6.736891e+00	6.736891e+00
-1.200000e+00	-1.000000e+00	6.911835e+02	6.753305e+00	6.753305e+00
-1.000000e+00	-8.000000e-01	6.964020e+02	6.778783e+00	6.778783e+00
-8.000000e-01	-6.000000e-01	7.250360e+02	6.916724e+00	6.916724e+00
-6.000000e-01	-4.000000e-01	7.249745e+02	6.916453e+00	6.916453e+00
-4.000000e-01	-2.000000e-01	7.241795e+02	6.912644e+00	6.912644e+00
-2.000000e-01	0.000000e+00	7.289965e+02	6.935598e+00	6.935598e+00
0.000000e+00	2.000000e-01	7.259510e+02	6.921048e+00	6.921048e+00
2.000000e-01	4.000000e-01	7.230645e+02	6.907353e+00	6.907353e+00
4.000000e-01	6.000000e-01	7.398785e+02	6.987142e+00	6.987142e+00
6.000000e-01	8.000000e-01	7.247055e+02	6.915148e+00	6.915148e+00
8.000000e-01	1.000000e+00	7.068790e+02	6.829513e+00	6.829513e+00
1.000000e+00	1.200000e+00	6.958165e+02	6.775972e+00	6.775972e+00
1.200000e+00	1.400000e+00	6.870870e+02	6.733237e+00	6.733237e+00
1.400000e+00	1.600000e+00	6.682920e+02	6.640559e+00	6.640559e+00
1.600000e+00	1.800000e+00	6.486205e+02	6.542054e+00	6.542054e+00
1.800000e+00	2.000000e+00	6.364850e+02	6.480596e+00	6.480596e+00
2.000000e+00	2.200000e+00	6.052715e+02	6.319676e+00	6.319676e+00
2.200000e+00	2.400000e+00	5.667315e+02	6.115139e+00	6.115139e+00
2.400000e+00	2.600000e+00	5.455565e+02	5.999842e+00	5.999842e+00
2.600000e+00	2.800000e+00	4.992431e+02	5.739567e+00	5.739567e+00
2.800000e+00	3.000000e+00	4.591827e+02	5.504430e+00	5.504430e+00
3.000000e+00	3.200000e+00	4.110092e+02	5.207660e+00	5.207660e+00
3.200000e+00	3.400000e+00	3.660705e+02	4.914697e+00	4.914697e+00
3.400000e+00	3.600000e+00	3.142211e+02	4.553453e+00	4.553453e+00
3.600000e+00	3.800000e+00	2.657898e+02	4.187875e+00	4.187875e+00
3.800000e+00	4.000000e+00	2.289648e+02	3.886908e+00	3.886908e+00
4.000000e+00	4.200000e+00	1.736746e+02	3.385273e+00	3.385273e+00
4.200000e+00	4.400000e+00	1.324994e+02	2.956870e+00	2.956870e+00
4.400000e+00	4.600000e+00	9.996515e+01	2.568280e+00	2.568280e+00
4.600000e+00	4.800000e+00	6.895465e+01	2.133072e+00	2.133072e+00
4.800000e+00	5.000000e+00	4.790466e+01	1.777910e+00	1.777910e+00
# END HISTO1D

