# BEGIN PLOT
Legend=1
LogY=1
Title=$\Delta R$ separation between jets
LegendXPos=0.10
LegendYPos=0.5
XLabel=$\Delta{R}(\mathrm{jet~2,~jet~3})$
YLabel=$\mathrm{d}\sigma/\mathrm{d}\Delta{R}(\mathrm{jet~2,~jet~3})$ [pb]
RemoveOptions=1
DrawOnly=//data9/Users/choij/cms-mg4gpu-integration/genValidation/DY01234j_13TeV_MG2918/merged.yoda.gz/MC_JETS:ENERGY=13000/jets_dR_23 //data9/Users/choij/cms-mg4gpu-integration/genValidation/DY01234j_13TeV_MG356/merged.yoda.gz/MC_JETS:ENERGY=13000/jets_dR_23 //data9/Users/choij/cms-mg4gpu-integration/genValidation/DY01234j_13p6TeV_MG356_noPrimodialKT/merged.yoda.gz/MC_JETS:ENERGY=13000/jets_dR_23 //data9/Users/choij/cms-mg4gpu-integration/genValidation/DY01234j_13p6TeV_MG356/merged.yoda.gz/MC_JETS:ENERGY=13000/jets_dR_23
LegendOnly=//data9/Users/choij/cms-mg4gpu-integration/genValidation/DY01234j_13TeV_MG2918/merged.yoda.gz/MC_JETS:ENERGY=13000/jets_dR_23 //data9/Users/choij/cms-mg4gpu-integration/genValidation/DY01234j_13TeV_MG356/merged.yoda.gz/MC_JETS:ENERGY=13000/jets_dR_23 //data9/Users/choij/cms-mg4gpu-integration/genValidation/DY01234j_13p6TeV_MG356_noPrimodialKT/merged.yoda.gz/MC_JETS:ENERGY=13000/jets_dR_23 //data9/Users/choij/cms-mg4gpu-integration/genValidation/DY01234j_13p6TeV_MG356/merged.yoda.gz/MC_JETS:ENERGY=13000/jets_dR_23
RatioPlot=1
RatioPlotReference=//data9/Users/choij/cms-mg4gpu-integration/genValidation/DY01234j_13TeV_MG2918/merged.yoda.gz/MC_JETS:ENERGY=13000/jets_dR_23
RatioPlotYLabel=Ratio
# END PLOT

# BEGIN HISTO1D //data9/Users/choij/cms-mg4gpu-integration/genValidation/DY01234j_13TeV_MG2918/merged.yoda.gz/MC_JETS:ENERGY=13000/jets_dR_23
ErrorBars=1
LineColor=red
LineStyle=solid
Path=//data9/Users/choij/cms-mg4gpu-integration/genValidation/DY01234j_13TeV_MG2918/merged.yoda.gz/MC_JETS:ENERGY=13000/jets_dR_23
ScaledBy=1.00001639083033487e-06
Title=MG2918_13TeV
# xlow	 xhigh	 val	 errminus	 errplus
0.000000e+00	2.000000e-01	0.000000e+00	0.000000e+00	0.000000e+00
2.000000e-01	4.000000e-01	4.345551e-01	1.642465e-01	1.642465e-01
4.000000e-01	6.000000e-01	8.992335e+01	2.362319e+00	2.362319e+00
6.000000e-01	8.000000e-01	1.631473e+02	3.181888e+00	3.181888e+00
8.000000e-01	1.000000e+00	1.889032e+02	3.423870e+00	3.423870e+00
1.000000e+00	1.200000e+00	2.343919e+02	3.813901e+00	3.813901e+00
1.200000e+00	1.400000e+00	2.683445e+02	4.080846e+00	4.080846e+00
1.400000e+00	1.600000e+00	3.095505e+02	4.382971e+00	4.382971e+00
1.600000e+00	1.800000e+00	3.344988e+02	4.556176e+00	4.556176e+00
1.800000e+00	2.000000e+00	3.585774e+02	4.717310e+00	4.717310e+00
2.000000e+00	2.200000e+00	3.521891e+02	4.675126e+00	4.675126e+00
2.200000e+00	2.400000e+00	3.215819e+02	4.467280e+00	4.467280e+00
2.400000e+00	2.600000e+00	2.984421e+02	4.303611e+00	4.303611e+00
2.600000e+00	2.800000e+00	2.620689e+02	4.032786e+00	4.032786e+00
2.800000e+00	3.000000e+00	2.331032e+02	3.803521e+00	3.803521e+00
3.000000e+00	3.200000e+00	2.063412e+02	3.578412e+00	3.578412e+00
3.200000e+00	3.400000e+00	1.479502e+02	3.030139e+00	3.030139e+00
3.400000e+00	3.600000e+00	1.154308e+02	2.676490e+00	2.676490e+00
3.600000e+00	3.800000e+00	8.924360e+01	2.353411e+00	2.353411e+00
3.800000e+00	4.000000e+00	7.335780e+01	2.133722e+00	2.133722e+00
4.000000e+00	4.200000e+00	6.069705e+01	1.940879e+00	1.940879e+00
4.200000e+00	4.400000e+00	4.741338e+01	1.715357e+00	1.715357e+00
4.400000e+00	4.600000e+00	3.785564e+01	1.532731e+00	1.532731e+00
4.600000e+00	4.800000e+00	3.345185e+01	1.440874e+00	1.440874e+00
4.800000e+00	5.000000e+00	2.482274e+01	1.241138e+00	1.241138e+00
# END HISTO1D


# BEGIN HISTO1D //data9/Users/choij/cms-mg4gpu-integration/genValidation/DY01234j_13TeV_MG356/merged.yoda.gz/MC_JETS:ENERGY=13000/jets_dR_23
ErrorBars=1
LineColor=blue
LineStyle=solid
Path=//data9/Users/choij/cms-mg4gpu-integration/genValidation/DY01234j_13TeV_MG356/merged.yoda.gz/MC_JETS:ENERGY=13000/jets_dR_23
ScaledBy=1.00000391479478877e-06
Title=MG356_13TeV
# xlow	 xhigh	 val	 errminus	 errplus
0.000000e+00	2.000000e-01	0.000000e+00	0.000000e+00	0.000000e+00
2.000000e-01	4.000000e-01	5.584350e-01	1.861452e-01	1.861452e-01
4.000000e-01	6.000000e-01	9.084395e+01	2.374246e+00	2.374246e+00
6.000000e-01	8.000000e-01	1.560055e+02	3.111412e+00	3.111412e+00
8.000000e-01	1.000000e+00	1.919951e+02	3.451677e+00	3.451677e+00
1.000000e+00	1.200000e+00	2.359329e+02	3.826331e+00	3.826331e+00
1.200000e+00	1.400000e+00	2.693769e+02	4.088516e+00	4.088516e+00
1.400000e+00	1.600000e+00	3.054860e+02	4.353881e+00	4.353881e+00
1.600000e+00	1.800000e+00	3.488078e+02	4.652427e+00	4.652427e+00
1.800000e+00	2.000000e+00	3.669275e+02	4.771737e+00	4.771737e+00
2.000000e+00	2.200000e+00	3.594164e+02	4.722629e+00	4.722629e+00
2.200000e+00	2.400000e+00	3.241704e+02	4.485098e+00	4.485098e+00
2.400000e+00	2.600000e+00	2.853160e+02	4.207672e+00	4.207672e+00
2.600000e+00	2.800000e+00	2.685738e+02	4.082444e+00	4.082444e+00
2.800000e+00	3.000000e+00	2.349918e+02	3.818610e+00	3.818610e+00
3.000000e+00	3.200000e+00	2.043469e+02	3.561004e+00	3.561004e+00
3.200000e+00	3.400000e+00	1.458220e+02	3.008078e+00	3.008078e+00
3.400000e+00	3.600000e+00	1.049363e+02	2.551844e+00	2.551844e+00
3.600000e+00	3.800000e+00	9.277180e+01	2.399360e+00	2.399360e+00
3.800000e+00	4.000000e+00	7.049130e+01	2.091445e+00	2.091445e+00
4.000000e+00	4.200000e+00	5.603330e+01	1.864672e+00	1.864672e+00
4.200000e+00	4.400000e+00	4.852577e+01	1.735279e+00	1.735279e+00
4.400000e+00	4.600000e+00	4.126607e+01	1.600230e+00	1.600230e+00
4.600000e+00	4.800000e+00	3.177447e+01	1.404247e+00	1.404247e+00
4.800000e+00	5.000000e+00	2.587720e+01	1.267213e+00	1.267213e+00
# END HISTO1D


# BEGIN HISTO1D //data9/Users/choij/cms-mg4gpu-integration/genValidation/DY01234j_13p6TeV_MG356_noPrimodialKT/merged.yoda.gz/MC_JETS:ENERGY=13000/jets_dR_23
ErrorBars=1
LineColor=green
LineStyle=solid
Path=//data9/Users/choij/cms-mg4gpu-integration/genValidation/DY01234j_13p6TeV_MG356_noPrimodialKT/merged.yoda.gz/MC_JETS:ENERGY=13000/jets_dR_23
ScaledBy=1.00001010505697575e-06
Title=MG356_13p6TeV
# xlow	 xhigh	 val	 errminus	 errplus
0.000000e+00	2.000000e-01	0.000000e+00	0.000000e+00	0.000000e+00
2.000000e-01	4.000000e-01	1.980680e-01	1.143547e-01	1.143547e-01
4.000000e-01	6.000000e-01	1.019569e+02	2.593058e+00	2.593058e+00
6.000000e-01	8.000000e-01	1.664628e+02	3.313393e+00	3.313393e+00
8.000000e-01	1.000000e+00	2.013401e+02	3.643905e+00	3.643905e+00
1.000000e+00	1.200000e+00	2.383439e+02	3.964700e+00	3.964700e+00
1.200000e+00	1.400000e+00	2.894508e+02	4.369103e+00	4.369103e+00
1.400000e+00	1.600000e+00	3.339067e+02	4.692686e+00	4.692686e+00
1.600000e+00	1.800000e+00	3.593511e+02	4.868115e+00	4.868115e+00
1.800000e+00	2.000000e+00	3.871887e+02	5.053204e+00	5.053204e+00
2.000000e+00	2.200000e+00	3.762417e+02	4.981263e+00	4.981263e+00
2.200000e+00	2.400000e+00	3.478801e+02	4.789814e+00	4.789814e+00
2.400000e+00	2.600000e+00	3.112140e+02	4.530379e+00	4.530379e+00
2.600000e+00	2.800000e+00	2.768665e+02	4.273163e+00	4.273163e+00
2.800000e+00	3.000000e+00	2.501471e+02	4.061668e+00	4.061668e+00
3.000000e+00	3.200000e+00	2.202720e+02	3.811416e+00	3.811416e+00
3.200000e+00	3.400000e+00	1.646058e+02	3.294754e+00	3.294754e+00
3.400000e+00	3.600000e+00	1.231920e+02	2.850325e+00	2.850325e+00
3.600000e+00	3.800000e+00	9.654560e+01	2.523261e+00	2.523261e+00
3.800000e+00	4.000000e+00	7.663690e+01	2.248200e+00	2.248200e+00
4.000000e+00	4.200000e+00	6.410385e+01	2.056134e+00	2.056134e+00
4.200000e+00	4.400000e+00	5.533040e+01	1.910220e+00	1.910220e+00
4.400000e+00	4.600000e+00	4.379141e+01	1.699437e+00	1.699437e+00
4.600000e+00	4.800000e+00	3.416296e+01	1.501035e+00	1.501035e+00
4.800000e+00	5.000000e+00	2.855574e+01	1.372302e+00	1.372302e+00
# END HISTO1D


# BEGIN HISTO1D //data9/Users/choij/cms-mg4gpu-integration/genValidation/DY01234j_13p6TeV_MG356/merged.yoda.gz/MC_JETS:ENERGY=13000/jets_dR_23
ErrorBars=1
LineColor=orange
LineStyle=solid
Path=//data9/Users/choij/cms-mg4gpu-integration/genValidation/DY01234j_13p6TeV_MG356/merged.yoda.gz/MC_JETS:ENERGY=13000/jets_dR_23
ScaledBy=1.00002898559791416e-06
Title=MG356_13p6TeV_primordialKT
# xlow	 xhigh	 val	 errminus	 errplus
0.000000e+00	2.000000e-01	0.000000e+00	0.000000e+00	0.000000e+00
2.000000e-01	4.000000e-01	5.277830e-01	1.865995e-01	1.865995e-01
4.000000e-01	6.000000e-01	1.020154e+02	2.594543e+00	2.594543e+00
6.000000e-01	8.000000e-01	1.694479e+02	3.343789e+00	3.343789e+00
8.000000e-01	1.000000e+00	2.093093e+02	3.716397e+00	3.716397e+00
1.000000e+00	1.200000e+00	2.478371e+02	4.043930e+00	4.043930e+00
1.200000e+00	1.400000e+00	2.897369e+02	4.372425e+00	4.372425e+00
1.400000e+00	1.600000e+00	3.349326e+02	4.701071e+00	4.701071e+00
1.600000e+00	1.800000e+00	3.771001e+02	4.988255e+00	4.988255e+00
1.800000e+00	2.000000e+00	3.889749e+02	5.066172e+00	5.066172e+00
2.000000e+00	2.200000e+00	3.772319e+02	4.989128e+00	4.989128e+00
2.200000e+00	2.400000e+00	3.446993e+02	4.769129e+00	4.769129e+00
2.400000e+00	2.600000e+00	3.214722e+02	4.605641e+00	4.605641e+00
2.600000e+00	2.800000e+00	2.811482e+02	4.307048e+00	4.307048e+00
2.800000e+00	3.000000e+00	2.533056e+02	4.088237e+00	4.088237e+00
3.000000e+00	3.200000e+00	2.259962e+02	3.861634e+00	3.861634e+00
3.200000e+00	3.400000e+00	1.602745e+02	3.252002e+00	3.252002e+00
3.400000e+00	3.600000e+00	1.177103e+02	2.786874e+00	2.786874e+00
3.600000e+00	3.800000e+00	9.877530e+01	2.552923e+00	2.552923e+00
3.800000e+00	4.000000e+00	8.386780e+01	2.352463e+00	2.352463e+00
4.000000e+00	4.200000e+00	6.551905e+01	2.079186e+00	2.079186e+00
4.200000e+00	4.400000e+00	5.127075e+01	1.839329e+00	1.839329e+00
4.400000e+00	4.600000e+00	4.275503e+01	1.679577e+00	1.679577e+00
4.600000e+00	4.800000e+00	3.695277e+01	1.561540e+00	1.561540e+00
4.800000e+00	5.000000e+00	2.870362e+01	1.376234e+00	1.376234e+00
# END HISTO1D

