# BEGIN PLOT
Legend=1
LogY=1
Title=Pseudorapidity of second jet
XLabel=$\eta(\mathrm{jet~2})$
YLabel=$\mathrm{d}\sigma/\mathrm{d}\eta(\mathrm{jet~2})$ [pb]
LegendYPos=0.5
LegendXPos=0.30
RemoveOptions=1
DrawOnly=//data9/Users/choij/cms-mg4gpu-integration/genValidation/DY01234j_13TeV_MG2918/merged.yoda.gz/MC_ZJETS:ENERGY=13000/jet_eta_2 //data9/Users/choij/cms-mg4gpu-integration/genValidation/DY01234j_13TeV_MG356/merged.yoda.gz/MC_ZJETS:ENERGY=13000/jet_eta_2 //data9/Users/choij/cms-mg4gpu-integration/genValidation/DY01234j_13p6TeV_MG356_noPrimodialKT/merged.yoda.gz/MC_ZJETS:ENERGY=13000/jet_eta_2 //data9/Users/choij/cms-mg4gpu-integration/genValidation/DY01234j_13p6TeV_MG356/merged.yoda.gz/MC_ZJETS:ENERGY=13000/jet_eta_2
LegendOnly=//data9/Users/choij/cms-mg4gpu-integration/genValidation/DY01234j_13TeV_MG2918/merged.yoda.gz/MC_ZJETS:ENERGY=13000/jet_eta_2 //data9/Users/choij/cms-mg4gpu-integration/genValidation/DY01234j_13TeV_MG356/merged.yoda.gz/MC_ZJETS:ENERGY=13000/jet_eta_2 //data9/Users/choij/cms-mg4gpu-integration/genValidation/DY01234j_13p6TeV_MG356_noPrimodialKT/merged.yoda.gz/MC_ZJETS:ENERGY=13000/jet_eta_2 //data9/Users/choij/cms-mg4gpu-integration/genValidation/DY01234j_13p6TeV_MG356/merged.yoda.gz/MC_ZJETS:ENERGY=13000/jet_eta_2
RatioPlot=1
RatioPlotReference=//data9/Users/choij/cms-mg4gpu-integration/genValidation/DY01234j_13TeV_MG2918/merged.yoda.gz/MC_ZJETS:ENERGY=13000/jet_eta_2
RatioPlotYLabel=Ratio
# END PLOT

# BEGIN HISTO1D //data9/Users/choij/cms-mg4gpu-integration/genValidation/DY01234j_13TeV_MG2918/merged.yoda.gz/MC_ZJETS:ENERGY=13000/jet_eta_2
ErrorBars=1
LineColor=red
LineStyle=solid
Path=//data9/Users/choij/cms-mg4gpu-integration/genValidation/DY01234j_13TeV_MG2918/merged.yoda.gz/MC_ZJETS:ENERGY=13000/jet_eta_2
ScaledBy=1.00001639083033487e-06
Title=MG2918_13TeV
# xlow	 xhigh	 val	 errminus	 errplus
-5.000000e+00	-4.800000e+00	6.207180e-01	1.962884e-01	1.962884e-01
-4.800000e+00	-4.600000e+00	6.206085e-01	1.962539e-01	1.962539e-01
-4.600000e+00	-4.400000e+00	1.117131e+00	2.633103e-01	2.633103e-01
-4.400000e+00	-4.200000e+00	1.551835e+00	3.103672e-01	3.103672e-01
-4.200000e+00	-4.000000e+00	1.240904e+00	2.774747e-01	2.774747e-01
-4.000000e+00	-3.800000e+00	2.295762e+00	3.774214e-01	3.774214e-01
-3.800000e+00	-3.600000e+00	2.917003e+00	4.254889e-01	4.254889e-01
-3.600000e+00	-3.400000e+00	2.358735e+00	3.826377e-01	3.826377e-01
-3.400000e+00	-3.200000e+00	4.220091e+00	5.117614e-01	5.117614e-01
-3.200000e+00	-3.000000e+00	4.592118e+00	5.338232e-01	5.338232e-01
-3.000000e+00	-2.800000e+00	5.275450e+00	5.722032e-01	5.722032e-01
-2.800000e+00	-2.600000e+00	5.959145e+00	6.082033e-01	6.082033e-01
-2.600000e+00	-2.400000e+00	6.950995e+00	6.568076e-01	6.568076e-01
-2.400000e+00	-2.200000e+00	6.827635e+00	6.509896e-01	6.509896e-01
-2.200000e+00	-2.000000e+00	8.812850e+00	7.395585e-01	7.395585e-01
-2.000000e+00	-1.800000e+00	8.998500e+00	7.472853e-01	7.472853e-01
-1.800000e+00	-1.600000e+00	1.054866e+01	8.090459e-01	8.090459e-01
-1.600000e+00	-1.400000e+00	9.122505e+00	7.524118e-01	7.524118e-01
-1.400000e+00	-1.200000e+00	1.036387e+01	8.019807e-01	8.019807e-01
-1.200000e+00	-1.000000e+00	1.110848e+01	8.302868e-01	8.302868e-01
-1.000000e+00	-8.000000e-01	1.402400e+01	9.328633e-01	9.328633e-01
-8.000000e-01	-6.000000e-01	1.216345e+01	8.688189e-01	8.688189e-01
-6.000000e-01	-4.000000e-01	1.247450e+01	8.798838e-01	8.798838e-01
-4.000000e-01	-2.000000e-01	1.421237e+01	9.391801e-01	9.391801e-01
-2.000000e-01	0.000000e+00	1.427380e+01	9.411874e-01	9.411874e-01
0.000000e+00	2.000000e-01	1.365352e+01	9.205210e-01	9.205210e-01
2.000000e-01	4.000000e-01	1.291014e+01	8.951579e-01	8.951579e-01
4.000000e-01	6.000000e-01	1.414951e+01	9.370743e-01	9.370743e-01
6.000000e-01	8.000000e-01	1.092374e+01	8.234086e-01	8.234086e-01
8.000000e-01	1.000000e+00	1.160430e+01	8.485906e-01	8.485906e-01
1.000000e+00	1.200000e+00	1.110872e+01	8.303052e-01	8.303052e-01
1.200000e+00	1.400000e+00	1.209887e+01	8.664183e-01	8.664183e-01
1.400000e+00	1.600000e+00	1.042724e+01	8.044796e-01	8.044796e-01
1.600000e+00	1.800000e+00	9.370600e+00	7.625692e-01	7.625692e-01
1.800000e+00	2.000000e+00	9.246500e+00	7.575033e-01	7.575033e-01
2.000000e+00	2.200000e+00	8.190815e+00	7.129194e-01	7.129194e-01
2.200000e+00	2.400000e+00	7.571700e+00	6.855100e-01	6.855100e-01
2.400000e+00	2.600000e+00	6.888915e+00	6.538672e-01	6.538672e-01
2.600000e+00	2.800000e+00	6.206905e+00	6.206911e-01	6.206911e-01
2.800000e+00	3.000000e+00	4.964841e+00	5.550863e-01	5.550863e-01
3.000000e+00	3.200000e+00	5.274275e+00	5.720756e-01	5.720756e-01
3.200000e+00	3.400000e+00	3.040974e+00	4.344251e-01	4.344251e-01
3.400000e+00	3.600000e+00	3.971787e+00	4.964737e-01	4.964737e-01
3.600000e+00	3.800000e+00	2.233917e+00	3.723197e-01	3.723197e-01
3.800000e+00	4.000000e+00	2.171993e+00	3.671341e-01	3.671341e-01
4.000000e+00	4.200000e+00	1.675382e+00	3.224275e-01	3.224275e-01
4.200000e+00	4.400000e+00	6.204670e-01	1.962091e-01	1.962091e-01
4.400000e+00	4.600000e+00	3.722686e-01	1.519781e-01	1.519781e-01
4.600000e+00	4.800000e+00	2.482755e-01	1.241378e-01	1.241378e-01
4.800000e+00	5.000000e+00	6.205745e-01	1.962431e-01	1.962431e-01
# END HISTO1D


# BEGIN HISTO1D //data9/Users/choij/cms-mg4gpu-integration/genValidation/DY01234j_13TeV_MG356/merged.yoda.gz/MC_ZJETS:ENERGY=13000/jet_eta_2
ErrorBars=1
LineColor=blue
LineStyle=solid
Path=//data9/Users/choij/cms-mg4gpu-integration/genValidation/DY01234j_13TeV_MG356/merged.yoda.gz/MC_ZJETS:ENERGY=13000/jet_eta_2
ScaledBy=1.00000391479478877e-06
Title=MG356_13TeV
# xlow	 xhigh	 val	 errminus	 errplus
-5.000000e+00	-4.800000e+00	1.863137e-01	1.075683e-01	1.075683e-01
-4.800000e+00	-4.600000e+00	4.343012e-01	1.641505e-01	1.641505e-01
-4.600000e+00	-4.400000e+00	6.207180e-01	1.962883e-01	1.962883e-01
-4.400000e+00	-4.200000e+00	1.179132e+00	2.705116e-01	2.705116e-01
-4.200000e+00	-4.000000e+00	1.488832e+00	3.039068e-01	3.039068e-01
-4.000000e+00	-3.800000e+00	1.551418e+00	3.102838e-01	3.102838e-01
-3.800000e+00	-3.600000e+00	2.296115e+00	3.774791e-01	3.774791e-01
-3.600000e+00	-3.400000e+00	2.854499e+00	4.208732e-01	4.208732e-01
-3.400000e+00	-3.200000e+00	3.599083e+00	4.725830e-01	4.725830e-01
-3.200000e+00	-3.000000e+00	4.405249e+00	5.228071e-01	5.228071e-01
-3.000000e+00	-2.800000e+00	4.841420e+00	5.481831e-01	5.481831e-01
-2.800000e+00	-2.600000e+00	6.205740e+00	6.205745e-01	6.205745e-01
-2.600000e+00	-2.400000e+00	7.136435e+00	6.654765e-01	6.654765e-01
-2.400000e+00	-2.200000e+00	6.887475e+00	6.537304e-01	6.537304e-01
-2.200000e+00	-2.000000e+00	9.059370e+00	7.497590e-01	7.497590e-01
-2.000000e+00	-1.800000e+00	9.060215e+00	7.498290e-01	7.498290e-01
-1.800000e+00	-1.600000e+00	1.129389e+01	8.371590e-01	8.371590e-01
-1.600000e+00	-1.400000e+00	1.011605e+01	7.923506e-01	7.923506e-01
-1.400000e+00	-1.200000e+00	1.067324e+01	8.138274e-01	8.138274e-01
-1.200000e+00	-1.000000e+00	1.259697e+01	8.841345e-01	8.841345e-01
-1.000000e+00	-8.000000e-01	1.135500e+01	8.393862e-01	8.393862e-01
-8.000000e-01	-6.000000e-01	1.185290e+01	8.576461e-01	8.576461e-01
-6.000000e-01	-4.000000e-01	1.203793e+01	8.642735e-01	8.642735e-01
-4.000000e-01	-2.000000e-01	1.358995e+01	9.183237e-01	9.183237e-01
-2.000000e-01	0.000000e+00	1.483075e+01	9.593216e-01	9.593216e-01
0.000000e+00	2.000000e-01	1.141830e+01	8.417690e-01	8.417690e-01
2.000000e-01	4.000000e-01	1.414797e+01	9.369731e-01	9.369731e-01
4.000000e-01	6.000000e-01	1.271964e+01	8.883787e-01	8.883787e-01
6.000000e-01	8.000000e-01	1.358858e+01	9.182317e-01	9.182317e-01
8.000000e-01	1.000000e+00	1.222492e+01	8.709894e-01	8.709894e-01
1.000000e+00	1.200000e+00	1.154187e+01	8.462909e-01	8.462909e-01
1.200000e+00	1.400000e+00	1.296888e+01	8.970766e-01	8.970766e-01
1.400000e+00	1.600000e+00	1.036168e+01	8.018114e-01	8.018114e-01
1.600000e+00	1.800000e+00	1.241073e+01	8.775716e-01	8.775716e-01
1.800000e+00	2.000000e+00	8.563215e+00	7.289498e-01	7.289498e-01
2.000000e+00	2.200000e+00	8.127985e+00	7.101458e-01	7.101458e-01
2.200000e+00	2.400000e+00	8.316605e+00	7.184457e-01	7.184457e-01
2.400000e+00	2.600000e+00	6.950040e+00	6.567174e-01	6.567174e-01
2.600000e+00	2.800000e+00	5.957875e+00	6.080732e-01	6.080732e-01
2.800000e+00	3.000000e+00	6.205000e+00	6.205002e-01	6.205002e-01
3.000000e+00	3.200000e+00	4.779053e+00	5.446240e-01	5.446240e-01
3.200000e+00	3.400000e+00	3.227154e+00	4.475259e-01	4.475259e-01
3.400000e+00	3.600000e+00	3.536612e+00	4.684360e-01	4.684360e-01
3.600000e+00	3.800000e+00	1.985865e+00	3.510548e-01	3.510548e-01
3.800000e+00	4.000000e+00	1.675079e+00	3.223694e-01	3.223694e-01
4.000000e+00	4.200000e+00	1.551670e+00	3.103342e-01	3.103342e-01
4.200000e+00	4.400000e+00	1.303272e+00	2.843975e-01	2.843975e-01
4.400000e+00	4.600000e+00	8.064560e-01	2.236708e-01	2.236708e-01
4.600000e+00	4.800000e+00	3.724034e-01	1.520331e-01	1.520331e-01
4.800000e+00	5.000000e+00	1.860257e-01	1.074020e-01	1.074020e-01
# END HISTO1D


# BEGIN HISTO1D //data9/Users/choij/cms-mg4gpu-integration/genValidation/DY01234j_13p6TeV_MG356_noPrimodialKT/merged.yoda.gz/MC_ZJETS:ENERGY=13000/jet_eta_2
ErrorBars=1
LineColor=green
LineStyle=solid
Path=//data9/Users/choij/cms-mg4gpu-integration/genValidation/DY01234j_13p6TeV_MG356_noPrimodialKT/merged.yoda.gz/MC_ZJETS:ENERGY=13000/jet_eta_2
ScaledBy=1.00001010505697575e-06
Title=MG356_13p6TeV
# xlow	 xhigh	 val	 errminus	 errplus
-5.000000e+00	-4.800000e+00	1.979175e-01	1.142678e-01	1.142678e-01
-4.800000e+00	-4.600000e+00	3.957665e-01	1.615712e-01	1.615712e-01
-4.600000e+00	-4.400000e+00	7.916640e-01	2.285338e-01	2.285338e-01
-4.400000e+00	-4.200000e+00	1.714344e+00	3.362107e-01	3.362107e-01
-4.200000e+00	-4.000000e+00	1.252806e+00	2.874138e-01	2.874138e-01
-4.000000e+00	-3.800000e+00	2.373798e+00	3.956334e-01	3.956334e-01
-3.800000e+00	-3.600000e+00	2.637636e+00	4.170471e-01	4.170471e-01
-3.600000e+00	-3.400000e+00	2.704061e+00	4.223037e-01	4.223037e-01
-3.400000e+00	-3.200000e+00	3.296877e+00	4.662489e-01	4.662489e-01
-3.200000e+00	-3.000000e+00	4.154892e+00	5.234675e-01	5.234675e-01
-3.000000e+00	-2.800000e+00	5.737140e+00	6.150866e-01	6.150866e-01
-2.800000e+00	-2.600000e+00	6.528175e+00	6.561067e-01	6.561067e-01
-2.600000e+00	-2.400000e+00	7.914740e+00	7.225138e-01	7.225138e-01
-2.400000e+00	-2.200000e+00	8.375555e+00	7.432109e-01	7.432109e-01
-2.200000e+00	-2.000000e+00	1.114608e+01	8.573911e-01	8.573911e-01
-2.000000e+00	-1.800000e+00	1.048643e+01	8.316285e-01	8.316285e-01
-1.800000e+00	-1.600000e+00	1.154079e+01	8.724021e-01	8.724021e-01
-1.600000e+00	-1.400000e+00	1.213432e+01	8.945548e-01	8.945548e-01
-1.400000e+00	-1.200000e+00	1.127876e+01	8.625088e-01	8.625088e-01
-1.200000e+00	-1.000000e+00	1.358444e+01	9.464735e-01	9.464735e-01
-1.000000e+00	-8.000000e-01	1.312456e+01	9.303760e-01	9.303760e-01
-8.000000e-01	-6.000000e-01	1.331948e+01	9.371558e-01	9.371558e-01
-6.000000e-01	-4.000000e-01	1.332164e+01	9.373077e-01	9.373077e-01
-4.000000e-01	-2.000000e-01	1.437486e+01	9.735891e-01	9.735891e-01
-2.000000e-01	0.000000e+00	1.345129e+01	9.417792e-01	9.417792e-01
0.000000e+00	2.000000e-01	1.562905e+01	1.015216e+00	1.015216e+00
2.000000e-01	4.000000e-01	1.417791e+01	9.669259e-01	9.669259e-01
4.000000e-01	6.000000e-01	1.496770e+01	9.934420e-01	9.934420e-01
6.000000e-01	8.000000e-01	1.391497e+01	9.579465e-01	9.579465e-01
8.000000e-01	1.000000e+00	1.292713e+01	9.233672e-01	9.233672e-01
1.000000e+00	1.200000e+00	1.319047e+01	9.327075e-01	9.327075e-01
1.200000e+00	1.400000e+00	1.174174e+01	8.800811e-01	8.800811e-01
1.400000e+00	1.600000e+00	1.325587e+01	9.349975e-01	9.349975e-01
1.600000e+00	1.800000e+00	1.002235e+01	8.129205e-01	8.129205e-01
1.800000e+00	2.000000e+00	9.957020e+00	8.102913e-01	8.102913e-01
2.000000e+00	2.200000e+00	1.048634e+01	8.316219e-01	8.316219e-01
2.200000e+00	2.400000e+00	8.309150e+00	7.402383e-01	7.402383e-01
2.400000e+00	2.600000e+00	7.651430e+00	7.104177e-01	7.104177e-01
2.600000e+00	2.800000e+00	6.924860e+00	6.757975e-01	6.757975e-01
2.800000e+00	3.000000e+00	5.474490e+00	6.009037e-01	6.009037e-01
3.000000e+00	3.200000e+00	4.947079e+00	5.712399e-01	5.712399e-01
3.200000e+00	3.400000e+00	3.957300e+00	5.108855e-01	5.108855e-01
3.400000e+00	3.600000e+00	3.100274e+00	4.522217e-01	4.522217e-01
3.600000e+00	3.800000e+00	2.704151e+00	4.223176e-01	4.223176e-01
3.800000e+00	4.000000e+00	2.505727e+00	4.064828e-01	4.064828e-01
4.000000e+00	4.200000e+00	1.912629e+00	3.551667e-01	3.551667e-01
4.200000e+00	4.400000e+00	1.253401e+00	2.875501e-01	2.875501e-01
4.400000e+00	4.600000e+00	1.318652e+00	2.948598e-01	2.948598e-01
4.600000e+00	4.800000e+00	7.914535e-01	2.284731e-01	2.284731e-01
4.800000e+00	5.000000e+00	6.593500e-01	2.085049e-01	2.085049e-01
# END HISTO1D


# BEGIN HISTO1D //data9/Users/choij/cms-mg4gpu-integration/genValidation/DY01234j_13p6TeV_MG356/merged.yoda.gz/MC_ZJETS:ENERGY=13000/jet_eta_2
ErrorBars=1
LineColor=orange
LineStyle=solid
Path=//data9/Users/choij/cms-mg4gpu-integration/genValidation/DY01234j_13p6TeV_MG356/merged.yoda.gz/MC_ZJETS:ENERGY=13000/jet_eta_2
ScaledBy=1.00002898559791416e-06
Title=MG356_13p6TeV_primordialKT
# xlow	 xhigh	 val	 errminus	 errplus
-5.000000e+00	-4.800000e+00	8.575445e-01	2.378401e-01	2.378401e-01
-4.800000e+00	-4.600000e+00	5.279440e-01	1.866564e-01	1.866564e-01
-4.600000e+00	-4.400000e+00	1.385486e+00	3.023378e-01	3.023378e-01
-4.400000e+00	-4.200000e+00	1.253760e+00	2.876324e-01	2.876324e-01
-4.200000e+00	-4.000000e+00	1.715648e+00	3.364666e-01	3.364666e-01
-4.000000e+00	-3.800000e+00	1.913713e+00	3.553677e-01	3.553677e-01
-3.800000e+00	-3.600000e+00	2.903561e+00	4.377284e-01	4.377284e-01
-3.600000e+00	-3.400000e+00	3.958030e+00	5.109797e-01	5.109797e-01
-3.400000e+00	-3.200000e+00	3.893504e+00	5.068913e-01	5.068913e-01
-3.200000e+00	-3.000000e+00	5.542790e+00	6.047681e-01	6.047681e-01
-3.000000e+00	-2.800000e+00	6.202845e+00	6.397752e-01	6.397752e-01
-2.800000e+00	-2.600000e+00	6.597855e+00	6.597858e-01	6.597858e-01
-2.600000e+00	-2.400000e+00	8.577395e+00	7.522877e-01	7.522877e-01
-2.400000e+00	-2.200000e+00	7.784945e+00	7.166626e-01	7.166626e-01
-2.200000e+00	-2.000000e+00	9.701170e+00	8.001394e-01	8.001394e-01
-2.000000e+00	-1.800000e+00	9.567380e+00	7.945278e-01	7.945278e-01
-1.800000e+00	-1.600000e+00	1.075544e+01	8.424310e-01	8.424310e-01
-1.600000e+00	-1.400000e+00	1.260229e+01	9.118702e-01	9.118702e-01
-1.400000e+00	-1.200000e+00	1.286687e+01	9.214158e-01	9.214158e-01
-1.200000e+00	-1.000000e+00	1.339301e+01	9.400052e-01	9.400052e-01
-1.000000e+00	-8.000000e-01	1.293441e+01	9.238869e-01	9.238869e-01
-8.000000e-01	-6.000000e-01	1.378927e+01	9.538244e-01	9.538244e-01
-6.000000e-01	-4.000000e-01	1.530648e+01	1.004920e+00	1.004920e+00
-4.000000e-01	-2.000000e-01	1.392262e+01	9.584733e-01	9.584733e-01
-2.000000e-01	0.000000e+00	1.425298e+01	9.697928e-01	9.697928e-01
0.000000e+00	2.000000e-01	1.590016e+01	1.024220e+00	1.024220e+00
2.000000e-01	4.000000e-01	1.445148e+01	9.765407e-01	9.765407e-01
4.000000e-01	6.000000e-01	1.412019e+01	9.652366e-01	9.652366e-01
6.000000e-01	8.000000e-01	1.372575e+01	9.517103e-01	9.517103e-01
8.000000e-01	1.000000e+00	1.306537e+01	9.285155e-01	9.285155e-01
1.000000e+00	1.200000e+00	1.227282e+01	8.998868e-01	8.998868e-01
1.200000e+00	1.400000e+00	1.253717e+01	9.095425e-01	9.095425e-01
1.400000e+00	1.600000e+00	1.181147e+01	8.828312e-01	8.828312e-01
1.600000e+00	1.800000e+00	1.088689e+01	8.475431e-01	8.475431e-01
1.800000e+00	2.000000e+00	9.107200e+00	7.752569e-01	7.752569e-01
2.000000e+00	2.200000e+00	1.016157e+01	8.188432e-01	8.188432e-01
2.200000e+00	2.400000e+00	7.587000e+00	7.074919e-01	7.074919e-01
2.400000e+00	2.600000e+00	7.851265e+00	7.197246e-01	7.197246e-01
2.600000e+00	2.800000e+00	6.135695e+00	6.362425e-01	6.362425e-01
2.800000e+00	3.000000e+00	6.532685e+00	6.565598e-01	6.565598e-01
3.000000e+00	3.200000e+00	4.619018e+00	5.520786e-01	5.520786e-01
3.200000e+00	3.400000e+00	3.893184e+00	5.068496e-01	5.068496e-01
3.400000e+00	3.600000e+00	3.365149e+00	4.712153e-01	4.712153e-01
3.600000e+00	3.800000e+00	3.101748e+00	4.524367e-01	4.524367e-01
3.800000e+00	4.000000e+00	1.979274e+00	3.613646e-01	3.613646e-01
4.000000e+00	4.200000e+00	1.583996e+00	3.233320e-01	3.233320e-01
4.200000e+00	4.400000e+00	1.385535e+00	3.023488e-01	3.023488e-01
4.400000e+00	4.600000e+00	4.620654e-01	1.746444e-01	1.746444e-01
4.600000e+00	4.800000e+00	7.919095e-01	2.286048e-01	2.286048e-01
4.800000e+00	5.000000e+00	6.598440e-01	2.086611e-01	2.086611e-01
# END HISTO1D

