# BEGIN PLOT
Legend=1
LogY=1
Title=Scalar sum of jet transverse momenta (HT)
XLabel=$HT$ [GeV]
YLabel=$\mathrm{d}\sigma/\mathrm{d}HT$ [pb/GeV]
LogX=1
RemoveOptions=1
DrawOnly=//data9/Users/choij/cms-mg4gpu-integration/genValidation/DY01234j_13TeV_MG2918/merged.yoda.gz/MC_ZJETS:ENERGY=13000/jet_HT //data9/Users/choij/cms-mg4gpu-integration/genValidation/DY01234j_13TeV_MG356/merged.yoda.gz/MC_ZJETS:ENERGY=13000/jet_HT //data9/Users/choij/cms-mg4gpu-integration/genValidation/DY01234j_13p6TeV_MG356_noPrimodialKT/merged.yoda.gz/MC_ZJETS:ENERGY=13000/jet_HT //data9/Users/choij/cms-mg4gpu-integration/genValidation/DY01234j_13p6TeV_MG356/merged.yoda.gz/MC_ZJETS:ENERGY=13000/jet_HT
LegendOnly=//data9/Users/choij/cms-mg4gpu-integration/genValidation/DY01234j_13TeV_MG2918/merged.yoda.gz/MC_ZJETS:ENERGY=13000/jet_HT //data9/Users/choij/cms-mg4gpu-integration/genValidation/DY01234j_13TeV_MG356/merged.yoda.gz/MC_ZJETS:ENERGY=13000/jet_HT //data9/Users/choij/cms-mg4gpu-integration/genValidation/DY01234j_13p6TeV_MG356_noPrimodialKT/merged.yoda.gz/MC_ZJETS:ENERGY=13000/jet_HT //data9/Users/choij/cms-mg4gpu-integration/genValidation/DY01234j_13p6TeV_MG356/merged.yoda.gz/MC_ZJETS:ENERGY=13000/jet_HT
RatioPlot=1
RatioPlotReference=//data9/Users/choij/cms-mg4gpu-integration/genValidation/DY01234j_13TeV_MG2918/merged.yoda.gz/MC_ZJETS:ENERGY=13000/jet_HT
RatioPlotYLabel=Ratio
# END PLOT

# BEGIN HISTO1D //data9/Users/choij/cms-mg4gpu-integration/genValidation/DY01234j_13TeV_MG2918/merged.yoda.gz/MC_ZJETS:ENERGY=13000/jet_HT
ErrorBars=1
LineColor=red
LineStyle=solid
Path=//data9/Users/choij/cms-mg4gpu-integration/genValidation/DY01234j_13TeV_MG2918/merged.yoda.gz/MC_ZJETS:ENERGY=13000/jet_HT
ScaledBy=1.00001639083033487e-06
Title=MG2918_13TeV
# xlow	 xhigh	 val	 errminus	 errplus
2.000000e+01	2.245265e+01	1.229162e+01	2.493996e-01	2.493996e-01
2.245265e+01	2.520608e+01	8.655005e+00	1.975226e-01	1.975226e-01
2.520608e+01	2.829717e+01	6.247715e+00	1.583859e-01	1.583859e-01
2.829717e+01	3.176733e+01	4.671269e+00	1.292598e-01	1.292598e-01
3.176733e+01	3.566304e+01	3.380413e+00	1.037797e-01	1.037797e-01
3.566304e+01	4.003649e+01	2.474778e+00	8.380665e-02	8.380665e-02
4.003649e+01	4.494627e+01	2.512823e+00	7.970195e-02	7.970195e-02
4.494627e+01	5.045815e+01	2.229392e+00	7.085476e-02	7.085476e-02
5.045815e+01	5.664597e+01	1.913727e+00	6.195924e-02	6.195924e-02
5.664597e+01	6.359261e+01	1.543857e+00	5.252311e-02	5.252311e-02
6.359261e+01	7.139114e+01	1.177884e+00	4.329988e-02	4.329988e-02
7.139114e+01	8.014603e+01	9.653860e-01	3.699370e-02	3.699370e-02
8.014603e+01	8.997455e+01	7.741381e-01	3.126717e-02	3.126717e-02
8.997455e+01	1.010084e+02	5.770903e-01	2.547917e-02	2.547917e-02
1.010084e+02	1.133953e+02	4.268221e-01	2.067961e-02	2.067961e-02
1.133953e+02	1.273013e+02	3.445159e-01	1.753541e-02	1.753541e-02
1.273013e+02	1.429125e+02	2.424974e-01	1.388537e-02	1.388537e-02
1.429125e+02	1.604383e+02	1.813086e-01	1.133180e-02	1.133180e-02
1.604383e+02	1.801133e+02	1.394119e-01	9.377867e-03	9.377867e-03
1.801133e+02	2.022010e+02	1.123667e-01	7.945529e-03	7.945529e-03
2.022010e+02	2.269975e+02	7.406150e-02	6.087822e-03	6.087822e-03
2.269975e+02	2.548348e+02	5.216670e-02	4.822816e-03	4.822816e-03
2.548348e+02	2.860858e+02	3.216438e-02	3.573823e-03	3.573823e-03
2.860858e+02	3.211693e+02	2.370308e-02	2.895794e-03	2.895794e-03
3.211693e+02	3.605551e+02	1.701162e-02	2.314990e-03	2.314990e-03
3.605551e+02	4.047710e+02	8.987113e-03	1.588713e-03	1.588713e-03
4.047710e+02	4.544091e+02	6.251182e-03	1.250237e-03	1.250237e-03
4.544091e+02	5.101345e+02	5.791905e-03	1.135887e-03	1.135887e-03
5.101345e+02	5.726936e+02	3.767935e-03	8.644236e-04	8.644236e-04
5.726936e+02	6.429246e+02	8.829950e-04	3.948875e-04	3.948875e-04
6.429246e+02	7.217681e+02	9.438510e-04	3.853259e-04	3.853259e-04
7.217681e+02	8.102804e+02	8.407161e-04	3.432211e-04	3.432211e-04
8.102804e+02	9.096473e+02	3.744457e-04	2.161866e-04	2.161866e-04
9.096473e+02	1.021200e+03	0.000000e+00	0.000000e+00	0.000000e+00
1.021200e+03	1.146432e+03	1.984094e-04	1.402967e-04	1.402967e-04
1.146432e+03	1.287022e+03	0.000000e+00	0.000000e+00	0.000000e+00
1.287022e+03	1.444853e+03	0.000000e+00	0.000000e+00	0.000000e+00
1.444853e+03	1.622039e+03	0.000000e+00	0.000000e+00	0.000000e+00
1.622039e+03	1.820954e+03	0.000000e+00	0.000000e+00	0.000000e+00
1.820954e+03	2.044263e+03	0.000000e+00	0.000000e+00	0.000000e+00
2.044263e+03	2.294956e+03	0.000000e+00	0.000000e+00	0.000000e+00
2.294956e+03	2.576392e+03	0.000000e+00	0.000000e+00	0.000000e+00
2.576392e+03	2.892342e+03	0.000000e+00	0.000000e+00	0.000000e+00
2.892342e+03	3.247038e+03	0.000000e+00	0.000000e+00	0.000000e+00
3.247038e+03	3.645231e+03	0.000000e+00	0.000000e+00	0.000000e+00
3.645231e+03	4.092255e+03	0.000000e+00	0.000000e+00	0.000000e+00
4.092255e+03	4.594099e+03	0.000000e+00	0.000000e+00	0.000000e+00
4.594099e+03	5.157486e+03	0.000000e+00	0.000000e+00	0.000000e+00
5.157486e+03	5.789962e+03	0.000000e+00	0.000000e+00	0.000000e+00
5.789962e+03	6.500000e+03	0.000000e+00	0.000000e+00	0.000000e+00
# END HISTO1D


# BEGIN HISTO1D //data9/Users/choij/cms-mg4gpu-integration/genValidation/DY01234j_13TeV_MG356/merged.yoda.gz/MC_ZJETS:ENERGY=13000/jet_HT
ErrorBars=1
LineColor=blue
LineStyle=solid
Path=//data9/Users/choij/cms-mg4gpu-integration/genValidation/DY01234j_13TeV_MG356/merged.yoda.gz/MC_ZJETS:ENERGY=13000/jet_HT
ScaledBy=1.00000391479478877e-06
Title=MG356_13TeV
# xlow	 xhigh	 val	 errminus	 errplus
2.000000e+01	2.245265e+01	1.226574e+01	2.491309e-01	2.491309e-01
2.245265e+01	2.520608e+01	9.181290e+00	2.034269e-01	2.034269e-01
2.520608e+01	2.829717e+01	6.379698e+00	1.600436e-01	1.600436e-01
2.829717e+01	3.176733e+01	4.652843e+00	1.289971e-01	1.289971e-01
3.176733e+01	3.566304e+01	3.427619e+00	1.044928e-01	1.044928e-01
3.566304e+01	4.003649e+01	2.346825e+00	8.160717e-02	8.160717e-02
4.003649e+01	4.494627e+01	2.593481e+00	8.096728e-02	8.096728e-02
4.494627e+01	5.045815e+01	2.177489e+00	7.002334e-02	7.002334e-02
5.045815e+01	5.664597e+01	1.738861e+00	5.905484e-02	5.905484e-02
5.664597e+01	6.359261e+01	1.436525e+00	5.066237e-02	5.066237e-02
6.359261e+01	7.139114e+01	1.120341e+00	4.222447e-02	4.222447e-02
7.139114e+01	8.014603e+01	9.270453e-01	3.625036e-02	3.625036e-02
8.014603e+01	8.997455e+01	7.664401e-01	3.110886e-02	3.110886e-02
8.997455e+01	1.010084e+02	5.927259e-01	2.581956e-02	2.581956e-02
1.010084e+02	1.133953e+02	4.468585e-01	2.115937e-02	2.115937e-02
1.133953e+02	1.273013e+02	3.355806e-01	1.730626e-02	1.730626e-02
1.273013e+02	1.429125e+02	2.464500e-01	1.399743e-02	1.399743e-02
1.429125e+02	1.604383e+02	2.053399e-01	1.205798e-02	1.205798e-02
1.604383e+02	1.801133e+02	1.564379e-01	9.933818e-03	9.933818e-03
1.801133e+02	2.022010e+02	1.016983e-01	7.559182e-03	7.559182e-03
2.022010e+02	2.269975e+02	8.007545e-02	6.330524e-03	6.330524e-03
2.269975e+02	2.548348e+02	6.420386e-02	5.350325e-03	5.350325e-03
2.548348e+02	2.860858e+02	3.851835e-02	3.910948e-03	3.910948e-03
2.860858e+02	3.211693e+02	2.193688e-02	2.785988e-03	2.785988e-03
3.211693e+02	3.605551e+02	2.048132e-02	2.540396e-03	2.540396e-03
3.605551e+02	4.047710e+02	1.571978e-02	2.100645e-03	2.100645e-03
4.047710e+02	4.544091e+02	7.502239e-03	1.369716e-03	1.369716e-03
4.544091e+02	5.101345e+02	6.682509e-03	1.220054e-03	1.220054e-03
5.101345e+02	5.726936e+02	3.372558e-03	8.179661e-04	8.179661e-04
5.726936e+02	6.429246e+02	2.120212e-03	6.120524e-04	6.120524e-04
6.429246e+02	7.217681e+02	4.720586e-04	2.725431e-04	2.725431e-04
7.217681e+02	8.102804e+02	8.411429e-04	3.433953e-04	3.433953e-04
8.102804e+02	9.096473e+02	3.749312e-04	2.164666e-04	2.164666e-04
9.096473e+02	1.021200e+03	5.561384e-04	2.487127e-04	2.487127e-04
1.021200e+03	1.146432e+03	9.921865e-05	9.921864e-05	9.921864e-05
1.146432e+03	1.287022e+03	1.765951e-04	1.248716e-04	1.248716e-04
1.287022e+03	1.444853e+03	7.849314e-05	7.849312e-05	7.849312e-05
1.444853e+03	1.622039e+03	0.000000e+00	0.000000e+00	0.000000e+00
1.622039e+03	1.820954e+03	0.000000e+00	0.000000e+00	0.000000e+00
1.820954e+03	2.044263e+03	5.559628e-05	5.559627e-05	5.559627e-05
2.044263e+03	2.294956e+03	0.000000e+00	0.000000e+00	0.000000e+00
2.294956e+03	2.576392e+03	0.000000e+00	0.000000e+00	0.000000e+00
2.576392e+03	2.892342e+03	0.000000e+00	0.000000e+00	0.000000e+00
2.892342e+03	3.247038e+03	3.492752e-05	3.492751e-05	3.492751e-05
3.247038e+03	3.645231e+03	0.000000e+00	0.000000e+00	0.000000e+00
3.645231e+03	4.092255e+03	0.000000e+00	0.000000e+00	0.000000e+00
4.092255e+03	4.594099e+03	0.000000e+00	0.000000e+00	0.000000e+00
4.594099e+03	5.157486e+03	0.000000e+00	0.000000e+00	0.000000e+00
5.157486e+03	5.789962e+03	0.000000e+00	0.000000e+00	0.000000e+00
5.789962e+03	6.500000e+03	0.000000e+00	0.000000e+00	0.000000e+00
# END HISTO1D


# BEGIN HISTO1D //data9/Users/choij/cms-mg4gpu-integration/genValidation/DY01234j_13p6TeV_MG356_noPrimodialKT/merged.yoda.gz/MC_ZJETS:ENERGY=13000/jet_HT
ErrorBars=1
LineColor=green
LineStyle=solid
Path=//data9/Users/choij/cms-mg4gpu-integration/genValidation/DY01234j_13p6TeV_MG356_noPrimodialKT/merged.yoda.gz/MC_ZJETS:ENERGY=13000/jet_HT
ScaledBy=1.00001010505697575e-06
Title=MG356_13p6TeV
# xlow	 xhigh	 val	 errminus	 errplus
2.000000e+01	2.247292e+01	1.316366e+01	2.649748e-01	2.649748e-01
2.247292e+01	2.525161e+01	9.455805e+00	2.118625e-01	2.118625e-01
2.525161e+01	2.837388e+01	6.543774e+00	1.662658e-01	1.662658e-01
2.837388e+01	3.188220e+01	4.808535e+00	1.344552e-01	1.344552e-01
3.188220e+01	3.582431e+01	3.493294e+00	1.081148e-01	1.081148e-01
3.582431e+01	4.025385e+01	2.590574e+00	8.782876e-02	8.782876e-02
4.025385e+01	4.523109e+01	2.369122e+00	7.923531e-02	7.923531e-02
4.523109e+01	5.082374e+01	2.315966e+00	7.390548e-02	7.390548e-02
5.082374e+01	5.710790e+01	2.044227e+00	6.550131e-02	6.550131e-02
5.710790e+01	6.416908e+01	1.520485e+00	5.329302e-02	5.329302e-02
6.416908e+01	7.210334e+01	1.231814e+00	4.525185e-02	4.525185e-02
7.210334e+01	8.101864e+01	1.044524e+00	3.931121e-02	3.931121e-02
8.101864e+01	9.103628e+01	7.768687e-01	3.198320e-02	3.198320e-02
9.103628e+01	1.022926e+02	6.198067e-01	2.694813e-02	2.694813e-02
1.022926e+02	1.149407e+02	4.849108e-01	2.248721e-02	2.248721e-02
1.149407e+02	1.291526e+02	3.601281e-01	1.828275e-02	1.828275e-02
1.291526e+02	1.451219e+02	2.725307e-01	1.500233e-02	1.500233e-02
1.451219e+02	1.630656e+02	1.874640e-01	1.173945e-02	1.173945e-02
1.630656e+02	1.832281e+02	1.511148e-01	9.942632e-03	9.942632e-03
1.832281e+02	2.058835e+02	1.170174e-01	8.253781e-03	8.253781e-03
2.058835e+02	2.313402e+02	7.150114e-02	6.086585e-03	6.086585e-03
2.313402e+02	2.599446e+02	5.257195e-02	4.923818e-03	4.923818e-03
2.599446e+02	2.920857e+02	4.061603e-02	4.082067e-03	4.082067e-03
2.920857e+02	3.282010e+02	2.629516e-02	3.098917e-03	3.098917e-03
3.282010e+02	3.687818e+02	2.144970e-02	2.640278e-03	2.640278e-03
3.687818e+02	4.143802e+02	1.215100e-02	1.874940e-03	1.874940e-03
4.143802e+02	4.656168e+02	7.465605e-03	1.386329e-03	1.386329e-03
4.656168e+02	5.231885e+02	6.183340e-03	1.189985e-03	1.189985e-03
5.231885e+02	5.878788e+02	4.689445e-03	9.778176e-04	9.778176e-04
5.878788e+02	6.605677e+02	1.633289e-03	5.444304e-04	5.444304e-04
6.605677e+02	7.422444e+02	1.291620e-03	4.566569e-04	4.566569e-04
7.422444e+02	8.340201e+02	1.867816e-03	5.180393e-04	5.180393e-04
8.340201e+02	9.371435e+02	5.115709e-04	2.557856e-04	2.557856e-04
9.371435e+02	1.053018e+03	3.415471e-04	1.971923e-04	1.971923e-04
1.053018e+03	1.183219e+03	0.000000e+00	0.000000e+00	0.000000e+00
1.183219e+03	1.329520e+03	9.013629e-05	9.013630e-05	9.013630e-05
1.329520e+03	1.493910e+03	8.037490e-05	8.037491e-05	8.037491e-05
1.493910e+03	1.678626e+03	1.428711e-04	1.010251e-04	1.010251e-04
1.678626e+03	1.886182e+03	0.000000e+00	0.000000e+00	0.000000e+00
1.886182e+03	2.119401e+03	0.000000e+00	0.000000e+00	0.000000e+00
2.119401e+03	2.381457e+03	0.000000e+00	0.000000e+00	0.000000e+00
2.381457e+03	2.675915e+03	0.000000e+00	0.000000e+00	0.000000e+00
2.675915e+03	3.006781e+03	0.000000e+00	0.000000e+00	0.000000e+00
3.006781e+03	3.378558e+03	0.000000e+00	0.000000e+00	0.000000e+00
3.378558e+03	3.796304e+03	0.000000e+00	0.000000e+00	0.000000e+00
3.796304e+03	4.265703e+03	0.000000e+00	0.000000e+00	0.000000e+00
4.265703e+03	4.793141e+03	0.000000e+00	0.000000e+00	0.000000e+00
4.793141e+03	5.385794e+03	0.000000e+00	0.000000e+00	0.000000e+00
5.385794e+03	6.051727e+03	0.000000e+00	0.000000e+00	0.000000e+00
6.051727e+03	6.800000e+03	0.000000e+00	0.000000e+00	0.000000e+00
# END HISTO1D


# BEGIN HISTO1D //data9/Users/choij/cms-mg4gpu-integration/genValidation/DY01234j_13p6TeV_MG356/merged.yoda.gz/MC_ZJETS:ENERGY=13000/jet_HT
ErrorBars=1
LineColor=orange
LineStyle=solid
Path=//data9/Users/choij/cms-mg4gpu-integration/genValidation/DY01234j_13p6TeV_MG356/merged.yoda.gz/MC_ZJETS:ENERGY=13000/jet_HT
ScaledBy=1.00002898559791416e-06
Title=MG356_13p6TeV_primordialKT
# xlow	 xhigh	 val	 errminus	 errplus
2.000000e+01	2.247292e+01	1.293564e+01	2.627374e-01	2.627374e-01
2.247292e+01	2.525161e+01	9.398871e+00	2.112774e-01	2.112774e-01
2.525161e+01	2.837388e+01	6.745864e+00	1.688579e-01	1.688579e-01
2.837388e+01	3.188220e+01	4.841012e+00	1.349420e-01	1.349420e-01
3.188220e+01	3.582431e+01	3.625513e+00	1.101680e-01	1.101680e-01
3.582431e+01	4.025385e+01	2.642608e+00	8.873014e-02	8.873014e-02
4.025385e+01	4.523109e+01	2.425848e+00	8.019615e-02	8.019615e-02
4.523109e+01	5.082374e+01	2.392732e+00	7.514068e-02	7.514068e-02
5.082374e+01	5.710790e+01	2.036947e+00	6.540244e-02	6.540244e-02
5.710790e+01	6.416908e+01	1.635339e+00	5.528457e-02	5.528457e-02
6.416908e+01	7.210334e+01	1.280685e+00	4.615272e-02	4.615272e-02
7.210334e+01	8.101864e+01	1.040639e+00	3.924848e-02	3.924848e-02
8.101864e+01	9.103628e+01	8.391471e-01	3.324824e-02	3.324824e-02
9.103628e+01	1.022926e+02	6.213769e-01	2.699090e-02	2.699090e-02
1.022926e+02	1.149407e+02	4.309034e-01	2.120338e-02	2.120338e-02
1.149407e+02	1.291526e+02	3.853659e-01	1.891688e-02	1.891688e-02
1.291526e+02	1.451219e+02	2.702102e-01	1.494266e-02	1.494266e-02
1.451219e+02	1.630656e+02	1.926685e-01	1.190310e-02	1.190310e-02
1.630656e+02	1.832281e+02	1.341858e-01	9.371944e-03	9.371944e-03
1.832281e+02	2.058835e+02	1.036793e-01	7.771100e-03	7.771100e-03
2.058835e+02	2.313402e+02	8.243441e-02	6.537478e-03	6.537478e-03
2.313402e+02	2.599446e+02	6.227731e-02	5.359979e-03	5.359979e-03
2.599446e+02	2.920857e+02	3.777260e-02	3.938068e-03	3.938068e-03
2.920857e+02	3.282010e+02	2.119405e-02	2.782915e-03	2.782915e-03
3.282010e+02	3.687818e+02	1.755957e-02	2.389557e-03	2.389557e-03
3.687818e+02	4.143802e+02	1.013225e-02	1.712664e-03	1.712664e-03
4.143802e+02	4.656168e+02	9.014273e-03	1.523691e-03	1.523691e-03
4.656168e+02	5.231885e+02	7.104716e-03	1.276045e-03	1.276045e-03
5.231885e+02	5.878788e+02	2.651322e-03	7.353446e-04	7.353446e-04
5.878788e+02	6.605677e+02	2.178334e-03	6.288310e-04	6.288310e-04
6.605677e+02	7.422444e+02	1.293423e-03	4.572943e-04	4.572943e-04
7.422444e+02	8.340201e+02	1.294047e-03	4.313496e-04	4.313496e-04
8.340201e+02	9.371435e+02	7.675948e-04	3.133696e-04	3.133696e-04
9.371435e+02	1.053018e+03	1.141319e-04	1.141319e-04	1.141319e-04
1.053018e+03	1.183219e+03	1.015736e-04	1.015736e-04	1.015736e-04
1.183219e+03	1.329520e+03	0.000000e+00	0.000000e+00	0.000000e+00
1.329520e+03	1.493910e+03	1.606093e-04	1.135680e-04	1.135680e-04
1.493910e+03	1.678626e+03	0.000000e+00	0.000000e+00	0.000000e+00
1.678626e+03	1.886182e+03	0.000000e+00	0.000000e+00	0.000000e+00
1.886182e+03	2.119401e+03	0.000000e+00	0.000000e+00	0.000000e+00
2.119401e+03	2.381457e+03	0.000000e+00	0.000000e+00	0.000000e+00
2.381457e+03	2.675915e+03	0.000000e+00	0.000000e+00	0.000000e+00
2.675915e+03	3.006781e+03	0.000000e+00	0.000000e+00	0.000000e+00
3.006781e+03	3.378558e+03	0.000000e+00	0.000000e+00	0.000000e+00
3.378558e+03	3.796304e+03	0.000000e+00	0.000000e+00	0.000000e+00
3.796304e+03	4.265703e+03	0.000000e+00	0.000000e+00	0.000000e+00
4.265703e+03	4.793141e+03	0.000000e+00	0.000000e+00	0.000000e+00
4.793141e+03	5.385794e+03	0.000000e+00	0.000000e+00	0.000000e+00
5.385794e+03	6.051727e+03	0.000000e+00	0.000000e+00	0.000000e+00
6.051727e+03	6.800000e+03	0.000000e+00	0.000000e+00	0.000000e+00
# END HISTO1D

