# BEGIN PLOT
Legend=1
LogY=1
Title=$\Delta R$ separation between jets
LegendXPos=0.10
LegendYPos=0.5
XLabel=$\Delta{R}(\mathrm{jet~1,~jet~2})$
YLabel=$\mathrm{d}\sigma/\mathrm{d}\Delta{R}(\mathrm{jet~1,~jet~2})$ [pb]
RemoveOptions=1
DrawOnly=//data9/Users/choij/cms-mg4gpu-integration/genValidation/DY01234j_13TeV_MG2918/merged.yoda.gz/MC_ZJETS:ENERGY=13000/jets_dR_12 //data9/Users/choij/cms-mg4gpu-integration/genValidation/DY01234j_13TeV_MG356/merged.yoda.gz/MC_ZJETS:ENERGY=13000/jets_dR_12 //data9/Users/choij/cms-mg4gpu-integration/genValidation/DY01234j_13p6TeV_MG356_noPrimodialKT/merged.yoda.gz/MC_ZJETS:ENERGY=13000/jets_dR_12 //data9/Users/choij/cms-mg4gpu-integration/genValidation/DY01234j_13p6TeV_MG356/merged.yoda.gz/MC_ZJETS:ENERGY=13000/jets_dR_12
LegendOnly=//data9/Users/choij/cms-mg4gpu-integration/genValidation/DY01234j_13TeV_MG2918/merged.yoda.gz/MC_ZJETS:ENERGY=13000/jets_dR_12 //data9/Users/choij/cms-mg4gpu-integration/genValidation/DY01234j_13TeV_MG356/merged.yoda.gz/MC_ZJETS:ENERGY=13000/jets_dR_12 //data9/Users/choij/cms-mg4gpu-integration/genValidation/DY01234j_13p6TeV_MG356_noPrimodialKT/merged.yoda.gz/MC_ZJETS:ENERGY=13000/jets_dR_12 //data9/Users/choij/cms-mg4gpu-integration/genValidation/DY01234j_13p6TeV_MG356/merged.yoda.gz/MC_ZJETS:ENERGY=13000/jets_dR_12
RatioPlot=1
RatioPlotReference=//data9/Users/choij/cms-mg4gpu-integration/genValidation/DY01234j_13TeV_MG2918/merged.yoda.gz/MC_ZJETS:ENERGY=13000/jets_dR_12
RatioPlotYLabel=Ratio
# END PLOT

# BEGIN HISTO1D //data9/Users/choij/cms-mg4gpu-integration/genValidation/DY01234j_13TeV_MG2918/merged.yoda.gz/MC_ZJETS:ENERGY=13000/jets_dR_12
ErrorBars=1
LineColor=red
LineStyle=solid
Path=//data9/Users/choij/cms-mg4gpu-integration/genValidation/DY01234j_13TeV_MG2918/merged.yoda.gz/MC_ZJETS:ENERGY=13000/jets_dR_12
ScaledBy=1.00001639083033487e-06
Title=MG2918_13TeV
# xlow	 xhigh	 val	 errminus	 errplus
0.000000e+00	2.000000e-01	0.000000e+00	0.000000e+00	0.000000e+00
2.000000e-01	4.000000e-01	0.000000e+00	0.000000e+00	0.000000e+00
4.000000e-01	6.000000e-01	6.578670e+00	6.389771e-01	6.389771e-01
6.000000e-01	8.000000e-01	9.000330e+00	7.474371e-01	7.474371e-01
8.000000e-01	1.000000e+00	8.070015e+00	7.077876e-01	7.077876e-01
1.000000e+00	1.200000e+00	8.068060e+00	7.076159e-01	7.076159e-01
1.200000e+00	1.400000e+00	9.183925e+00	7.549146e-01	7.549146e-01
1.400000e+00	1.600000e+00	9.805410e+00	7.800769e-01	7.800769e-01
1.600000e+00	1.800000e+00	1.061337e+01	8.116252e-01	8.116252e-01
1.800000e+00	2.000000e+00	1.228732e+01	8.732225e-01	8.732225e-01
2.000000e+00	2.200000e+00	1.228592e+01	8.731231e-01	8.731231e-01
2.200000e+00	2.400000e+00	1.626090e+01	1.004602e+00	1.004602e+00
2.400000e+00	2.600000e+00	2.109983e+01	1.144300e+00	1.144300e+00
2.600000e+00	2.800000e+00	2.792593e+01	1.316442e+00	1.316442e+00
2.800000e+00	3.000000e+00	3.444132e+01	1.461954e+00	1.461954e+00
3.000000e+00	3.200000e+00	3.921947e+01	1.560068e+00	1.560068e+00
3.200000e+00	3.400000e+00	2.544475e+01	1.256628e+00	1.256628e+00
3.400000e+00	3.600000e+00	1.731287e+01	1.036495e+00	1.036495e+00
3.600000e+00	3.800000e+00	1.514208e+01	9.693725e-01	9.693725e-01
3.800000e+00	4.000000e+00	1.086147e+01	8.210509e-01	8.210509e-01
4.000000e+00	4.200000e+00	1.129687e+01	8.373804e-01	8.373804e-01
4.200000e+00	4.400000e+00	7.819320e+00	6.966010e-01	6.966010e-01
4.400000e+00	4.600000e+00	7.385450e+00	6.770234e-01	6.770234e-01
4.600000e+00	4.800000e+00	4.530727e+00	5.302818e-01	5.302818e-01
4.800000e+00	5.000000e+00	4.096851e+00	5.042879e-01	5.042879e-01
# END HISTO1D


# BEGIN HISTO1D //data9/Users/choij/cms-mg4gpu-integration/genValidation/DY01234j_13TeV_MG356/merged.yoda.gz/MC_ZJETS:ENERGY=13000/jets_dR_12
ErrorBars=1
LineColor=blue
LineStyle=solid
Path=//data9/Users/choij/cms-mg4gpu-integration/genValidation/DY01234j_13TeV_MG356/merged.yoda.gz/MC_ZJETS:ENERGY=13000/jets_dR_12
ScaledBy=1.00000391479478877e-06
Title=MG356_13TeV
# xlow	 xhigh	 val	 errminus	 errplus
0.000000e+00	2.000000e-01	0.000000e+00	0.000000e+00	0.000000e+00
2.000000e-01	4.000000e-01	6.194275e-02	6.194274e-02	6.194274e-02
4.000000e-01	6.000000e-01	6.702205e+00	6.449205e-01	6.449205e-01
6.000000e-01	8.000000e-01	8.564905e+00	7.290936e-01	7.290936e-01
8.000000e-01	1.000000e+00	6.639060e+00	6.418226e-01	6.418226e-01
1.000000e+00	1.200000e+00	7.383375e+00	6.768331e-01	6.768331e-01
1.200000e+00	1.400000e+00	8.748915e+00	7.367920e-01	7.367920e-01
1.400000e+00	1.600000e+00	8.997880e+00	7.472334e-01	7.472334e-01
1.600000e+00	1.800000e+00	1.054897e+01	8.090689e-01	8.090689e-01
1.800000e+00	2.000000e+00	1.129382e+01	8.371537e-01	8.371537e-01
2.000000e+00	2.200000e+00	1.551375e+01	9.811761e-01	9.811761e-01
2.200000e+00	2.400000e+00	1.787187e+01	1.053111e+00	1.053111e+00
2.400000e+00	2.600000e+00	2.078891e+01	1.135820e+00	1.135820e+00
2.600000e+00	2.800000e+00	2.587552e+01	1.267130e+00	1.267130e+00
2.800000e+00	3.000000e+00	3.437824e+01	1.460592e+00	1.460592e+00
3.000000e+00	3.200000e+00	4.083034e+01	1.591733e+00	1.591733e+00
3.200000e+00	3.400000e+00	2.575250e+01	1.264141e+00	1.264141e+00
3.400000e+00	3.600000e+00	2.115931e+01	1.145842e+00	1.145842e+00
3.600000e+00	3.800000e+00	1.495791e+01	9.635237e-01	9.635237e-01
3.800000e+00	4.000000e+00	1.166578e+01	8.508152e-01	8.508152e-01
4.000000e+00	4.200000e+00	9.804175e+00	7.799785e-01	7.799785e-01
4.200000e+00	4.400000e+00	8.563875e+00	7.290058e-01	7.290058e-01
4.400000e+00	4.600000e+00	7.445400e+00	6.796694e-01	6.796694e-01
4.600000e+00	4.800000e+00	5.088570e+00	5.619391e-01	5.619391e-01
4.800000e+00	5.000000e+00	3.411889e+00	4.600592e-01	4.600592e-01
# END HISTO1D


# BEGIN HISTO1D //data9/Users/choij/cms-mg4gpu-integration/genValidation/DY01234j_13p6TeV_MG356_noPrimodialKT/merged.yoda.gz/MC_ZJETS:ENERGY=13000/jets_dR_12
ErrorBars=1
LineColor=green
LineStyle=solid
Path=//data9/Users/choij/cms-mg4gpu-integration/genValidation/DY01234j_13p6TeV_MG356_noPrimodialKT/merged.yoda.gz/MC_ZJETS:ENERGY=13000/jets_dR_12
ScaledBy=1.00001010505697575e-06
Title=MG356_13p6TeV
# xlow	 xhigh	 val	 errminus	 errplus
0.000000e+00	2.000000e-01	0.000000e+00	0.000000e+00	0.000000e+00
2.000000e-01	4.000000e-01	0.000000e+00	0.000000e+00	0.000000e+00
4.000000e-01	6.000000e-01	7.189240e+00	6.886047e-01	6.886047e-01
6.000000e-01	8.000000e-01	9.364485e+00	7.858507e-01	7.858507e-01
8.000000e-01	1.000000e+00	7.979070e+00	7.253706e-01	7.253706e-01
1.000000e+00	1.200000e+00	8.311155e+00	7.404169e-01	7.404169e-01
1.200000e+00	1.400000e+00	8.638915e+00	7.547862e-01	7.547862e-01
1.400000e+00	1.600000e+00	1.121121e+01	8.598609e-01	8.598609e-01
1.600000e+00	1.800000e+00	1.140957e+01	8.674543e-01	8.674543e-01
1.800000e+00	2.000000e+00	1.384855e+01	9.556409e-01	9.556409e-01
2.000000e+00	2.200000e+00	1.549835e+01	1.011001e+00	1.011001e+00
2.200000e+00	2.400000e+00	1.991748e+01	1.146123e+00	1.146123e+00
2.400000e+00	2.600000e+00	2.017920e+01	1.153569e+00	1.153569e+00
2.600000e+00	2.800000e+00	2.809211e+01	1.361068e+00	1.361068e+00
2.800000e+00	3.000000e+00	3.917442e+01	1.607347e+00	1.607347e+00
3.000000e+00	3.200000e+00	4.411708e+01	1.705666e+00	1.705666e+00
3.200000e+00	3.400000e+00	2.855753e+01	1.372388e+00	1.372388e+00
3.400000e+00	3.600000e+00	2.051225e+01	1.163144e+00	1.163144e+00
3.600000e+00	3.800000e+00	1.819985e+01	1.095503e+00	1.095503e+00
3.800000e+00	4.000000e+00	1.417606e+01	9.667999e-01	9.667999e-01
4.000000e+00	4.200000e+00	1.094676e+01	8.496343e-01	8.496343e-01
4.200000e+00	4.400000e+00	9.100560e+00	7.746916e-01	7.746916e-01
4.400000e+00	4.600000e+00	6.528915e+00	6.561812e-01	6.561812e-01
4.600000e+00	4.800000e+00	5.869585e+00	6.221750e-01	6.221750e-01
4.800000e+00	5.000000e+00	4.154067e+00	5.233636e-01	5.233636e-01
# END HISTO1D


# BEGIN HISTO1D //data9/Users/choij/cms-mg4gpu-integration/genValidation/DY01234j_13p6TeV_MG356/merged.yoda.gz/MC_ZJETS:ENERGY=13000/jets_dR_12
ErrorBars=1
LineColor=orange
LineStyle=solid
Path=//data9/Users/choij/cms-mg4gpu-integration/genValidation/DY01234j_13p6TeV_MG356/merged.yoda.gz/MC_ZJETS:ENERGY=13000/jets_dR_12
ScaledBy=1.00002898559791416e-06
Title=MG356_13p6TeV_primordialKT
# xlow	 xhigh	 val	 errminus	 errplus
0.000000e+00	2.000000e-01	0.000000e+00	0.000000e+00	0.000000e+00
2.000000e-01	4.000000e-01	0.000000e+00	0.000000e+00	0.000000e+00
4.000000e-01	6.000000e-01	5.872410e+00	6.224745e-01	6.224745e-01
6.000000e-01	8.000000e-01	8.840075e+00	7.636663e-01	7.636663e-01
8.000000e-01	1.000000e+00	7.654895e+00	7.107394e-01	7.107394e-01
1.000000e+00	1.200000e+00	8.576755e+00	7.522313e-01	7.522313e-01
1.200000e+00	1.400000e+00	8.511995e+00	7.494396e-01	7.494396e-01
1.400000e+00	1.600000e+00	1.128247e+01	8.627928e-01	8.627928e-01
1.600000e+00	1.800000e+00	1.049194e+01	8.320652e-01	8.320652e-01
1.800000e+00	2.000000e+00	1.332804e+01	9.377576e-01	9.377576e-01
2.000000e+00	2.200000e+00	1.563972e+01	1.015910e+00	1.015910e+00
2.200000e+00	2.400000e+00	1.906974e+01	1.121750e+00	1.121750e+00
2.400000e+00	2.600000e+00	2.362029e+01	1.248372e+00	1.248372e+00
2.600000e+00	2.800000e+00	3.147453e+01	1.441120e+00	1.441120e+00
2.800000e+00	3.000000e+00	3.635762e+01	1.548888e+00	1.548888e+00
3.000000e+00	3.200000e+00	4.236508e+01	1.672017e+00	1.672017e+00
3.200000e+00	3.400000e+00	2.876822e+01	1.377748e+00	1.377748e+00
3.400000e+00	3.600000e+00	2.216863e+01	1.209399e+00	1.209399e+00
3.600000e+00	3.800000e+00	1.735413e+01	1.070102e+00	1.070102e+00
3.800000e+00	4.000000e+00	1.379023e+01	9.538908e-01	9.538908e-01
4.000000e+00	4.200000e+00	1.207398e+01	8.925352e-01	8.925352e-01
4.200000e+00	4.400000e+00	9.436470e+00	7.891175e-01	7.891175e-01
4.400000e+00	4.600000e+00	6.598015e+00	6.598017e-01	6.598017e-01
4.600000e+00	4.800000e+00	5.872045e+00	6.224357e-01	6.224357e-01
4.800000e+00	5.000000e+00	4.750385e+00	5.598384e-01	5.598384e-01
# END HISTO1D

