# BEGIN PLOT
Legend=1
LogY=1
Title=$\Delta R$ separation between jets
LegendXPos=0.10
LegendYPos=0.5
XLabel=$\Delta{R}(\mathrm{jet~1,~jet~3})$
YLabel=$\mathrm{d}\sigma/\mathrm{d}\Delta{R}(\mathrm{jet~1,~jet~3})$ [pb]
RemoveOptions=1
DrawOnly=//data9/Users/choij/cms-mg4gpu-integration/genValidation/DY01234j_13TeV_MG2918/merged.yoda.gz/MC_ZJETS:ENERGY=13000/jets_dR_13 //data9/Users/choij/cms-mg4gpu-integration/genValidation/DY01234j_13TeV_MG356/merged.yoda.gz/MC_ZJETS:ENERGY=13000/jets_dR_13 //data9/Users/choij/cms-mg4gpu-integration/genValidation/DY01234j_13p6TeV_MG356_noPrimodialKT/merged.yoda.gz/MC_ZJETS:ENERGY=13000/jets_dR_13 //data9/Users/choij/cms-mg4gpu-integration/genValidation/DY01234j_13p6TeV_MG356/merged.yoda.gz/MC_ZJETS:ENERGY=13000/jets_dR_13
LegendOnly=//data9/Users/choij/cms-mg4gpu-integration/genValidation/DY01234j_13TeV_MG2918/merged.yoda.gz/MC_ZJETS:ENERGY=13000/jets_dR_13 //data9/Users/choij/cms-mg4gpu-integration/genValidation/DY01234j_13TeV_MG356/merged.yoda.gz/MC_ZJETS:ENERGY=13000/jets_dR_13 //data9/Users/choij/cms-mg4gpu-integration/genValidation/DY01234j_13p6TeV_MG356_noPrimodialKT/merged.yoda.gz/MC_ZJETS:ENERGY=13000/jets_dR_13 //data9/Users/choij/cms-mg4gpu-integration/genValidation/DY01234j_13p6TeV_MG356/merged.yoda.gz/MC_ZJETS:ENERGY=13000/jets_dR_13
RatioPlot=1
RatioPlotReference=//data9/Users/choij/cms-mg4gpu-integration/genValidation/DY01234j_13TeV_MG2918/merged.yoda.gz/MC_ZJETS:ENERGY=13000/jets_dR_13
RatioPlotYLabel=Ratio
# END PLOT

# BEGIN HISTO1D //data9/Users/choij/cms-mg4gpu-integration/genValidation/DY01234j_13TeV_MG2918/merged.yoda.gz/MC_ZJETS:ENERGY=13000/jets_dR_13
ErrorBars=1
LineColor=red
LineStyle=solid
Path=//data9/Users/choij/cms-mg4gpu-integration/genValidation/DY01234j_13TeV_MG2918/merged.yoda.gz/MC_ZJETS:ENERGY=13000/jets_dR_13
ScaledBy=1.00001639083033487e-06
Title=MG2918_13TeV
# xlow	 xhigh	 val	 errminus	 errplus
0.000000e+00	2.000000e-01	0.000000e+00	0.000000e+00	0.000000e+00
2.000000e-01	4.000000e-01	0.000000e+00	0.000000e+00	0.000000e+00
4.000000e-01	6.000000e-01	3.661775e+00	4.767227e-01	4.767227e-01
6.000000e-01	8.000000e-01	3.287953e+00	4.516354e-01	4.516354e-01
8.000000e-01	1.000000e+00	2.730545e+00	4.116453e-01	4.116453e-01
1.000000e+00	1.200000e+00	2.730045e+00	4.115700e-01	4.115700e-01
1.200000e+00	1.400000e+00	2.978484e+00	4.299074e-01	4.299074e-01
1.400000e+00	1.600000e+00	3.661574e+00	4.766966e-01	4.766966e-01
1.600000e+00	1.800000e+00	3.723422e+00	4.806921e-01	4.806921e-01
1.800000e+00	2.000000e+00	3.847466e+00	4.886290e-01	4.886290e-01
2.000000e+00	2.200000e+00	5.462005e+00	5.822521e-01	5.822521e-01
2.200000e+00	2.400000e+00	5.026585e+00	5.585098e-01	5.585098e-01
2.400000e+00	2.600000e+00	6.454225e+00	6.328892e-01	6.328892e-01
2.600000e+00	2.800000e+00	6.825320e+00	6.507694e-01	6.507694e-01
2.800000e+00	3.000000e+00	7.013025e+00	6.597302e-01	6.597302e-01
3.000000e+00	3.200000e+00	9.556730e+00	7.701039e-01	7.701039e-01
3.200000e+00	3.400000e+00	5.833320e+00	6.016612e-01	6.016612e-01
3.400000e+00	3.600000e+00	4.529653e+00	5.301561e-01	5.301561e-01
3.600000e+00	3.800000e+00	3.288052e+00	4.516489e-01	4.516489e-01
3.800000e+00	4.000000e+00	2.916528e+00	4.254197e-01	4.254197e-01
4.000000e+00	4.200000e+00	1.985220e+00	3.509409e-01	3.509409e-01
4.200000e+00	4.400000e+00	2.296304e+00	3.775104e-01	3.775104e-01
4.400000e+00	4.600000e+00	1.550747e+00	3.101495e-01	3.101495e-01
4.600000e+00	4.800000e+00	9.308515e-01	2.403449e-01	2.403449e-01
4.800000e+00	5.000000e+00	1.861387e+00	3.398415e-01	3.398415e-01
# END HISTO1D


# BEGIN HISTO1D //data9/Users/choij/cms-mg4gpu-integration/genValidation/DY01234j_13TeV_MG356/merged.yoda.gz/MC_ZJETS:ENERGY=13000/jets_dR_13
ErrorBars=1
LineColor=blue
LineStyle=solid
Path=//data9/Users/choij/cms-mg4gpu-integration/genValidation/DY01234j_13TeV_MG356/merged.yoda.gz/MC_ZJETS:ENERGY=13000/jets_dR_13
ScaledBy=1.00000391479478877e-06
Title=MG356_13TeV
# xlow	 xhigh	 val	 errminus	 errplus
0.000000e+00	2.000000e-01	0.000000e+00	0.000000e+00	0.000000e+00
2.000000e-01	4.000000e-01	6.194325e-02	6.194324e-02	6.194324e-02
4.000000e-01	6.000000e-01	3.102761e+00	4.387969e-01	4.387969e-01
6.000000e-01	8.000000e-01	3.164572e+00	4.431289e-01	4.431289e-01
8.000000e-01	1.000000e+00	3.412836e+00	4.601870e-01	4.601870e-01
1.000000e+00	1.200000e+00	3.412805e+00	4.601827e-01	4.601827e-01
1.200000e+00	1.400000e+00	3.413177e+00	4.602328e-01	4.602328e-01
1.400000e+00	1.600000e+00	3.599485e+00	4.726358e-01	4.726358e-01
1.600000e+00	1.800000e+00	3.847390e+00	4.886193e-01	4.886193e-01
1.800000e+00	2.000000e+00	4.343463e+00	5.191433e-01	5.191433e-01
2.000000e+00	2.200000e+00	5.461655e+00	5.822145e-01	5.822145e-01
2.200000e+00	2.400000e+00	6.577515e+00	6.388652e-01	6.388652e-01
2.400000e+00	2.600000e+00	7.074505e+00	6.625887e-01	6.625887e-01
2.600000e+00	2.800000e+00	8.129435e+00	7.102725e-01	7.102725e-01
2.800000e+00	3.000000e+00	8.872055e+00	7.419188e-01	7.419188e-01
3.000000e+00	3.200000e+00	8.563405e+00	7.289657e-01	7.289657e-01
3.200000e+00	3.400000e+00	5.833070e+00	6.016355e-01	6.016355e-01
3.400000e+00	3.600000e+00	4.964267e+00	5.550221e-01	5.550221e-01
3.600000e+00	3.800000e+00	3.661179e+00	4.766451e-01	4.766451e-01
3.800000e+00	4.000000e+00	2.792423e+00	4.162701e-01	4.162701e-01
4.000000e+00	4.200000e+00	2.730936e+00	4.117043e-01	4.117043e-01
4.200000e+00	4.400000e+00	2.667636e+00	4.068109e-01	4.068109e-01
4.400000e+00	4.600000e+00	2.048380e+00	3.565773e-01	3.565773e-01
4.600000e+00	4.800000e+00	1.426976e+00	2.975453e-01	2.975453e-01
4.800000e+00	5.000000e+00	1.489130e+00	3.039676e-01	3.039676e-01
# END HISTO1D


# BEGIN HISTO1D //data9/Users/choij/cms-mg4gpu-integration/genValidation/DY01234j_13p6TeV_MG356_noPrimodialKT/merged.yoda.gz/MC_ZJETS:ENERGY=13000/jets_dR_13
ErrorBars=1
LineColor=green
LineStyle=solid
Path=//data9/Users/choij/cms-mg4gpu-integration/genValidation/DY01234j_13p6TeV_MG356_noPrimodialKT/merged.yoda.gz/MC_ZJETS:ENERGY=13000/jets_dR_13
ScaledBy=1.00001010505697575e-06
Title=MG356_13p6TeV
# xlow	 xhigh	 val	 errminus	 errplus
0.000000e+00	2.000000e-01	0.000000e+00	0.000000e+00	0.000000e+00
2.000000e-01	4.000000e-01	0.000000e+00	0.000000e+00	0.000000e+00
4.000000e-01	6.000000e-01	3.429884e+00	4.756397e-01	4.756397e-01
6.000000e-01	8.000000e-01	4.484980e+00	5.438842e-01	5.438842e-01
8.000000e-01	1.000000e+00	3.297755e+00	4.663731e-01	4.663731e-01
1.000000e+00	1.200000e+00	3.231855e+00	4.616937e-01	4.616937e-01
1.200000e+00	1.400000e+00	2.769425e+00	4.273318e-01	4.273318e-01
1.400000e+00	1.600000e+00	3.362516e+00	4.708467e-01	4.708467e-01
1.600000e+00	1.800000e+00	4.880275e+00	5.673207e-01	5.673207e-01
1.800000e+00	2.000000e+00	4.813719e+00	5.634035e-01	5.634035e-01
2.000000e+00	2.200000e+00	5.539950e+00	6.044586e-01	6.044586e-01
2.200000e+00	2.400000e+00	5.803770e+00	6.186845e-01	6.186845e-01
2.400000e+00	2.600000e+00	7.582755e+00	7.070962e-01	7.070962e-01
2.600000e+00	2.800000e+00	8.375190e+00	7.431785e-01	7.431785e-01
2.800000e+00	3.000000e+00	1.008947e+01	8.156861e-01	8.156861e-01
3.000000e+00	3.200000e+00	9.827270e+00	8.050820e-01	8.050820e-01
3.200000e+00	3.400000e+00	8.770055e+00	7.604607e-01	7.604607e-01
3.400000e+00	3.600000e+00	4.946797e+00	5.712073e-01	5.712073e-01
3.600000e+00	3.800000e+00	4.944728e+00	5.709685e-01	5.709685e-01
3.800000e+00	4.000000e+00	3.100198e+00	4.522107e-01	4.522107e-01
4.000000e+00	4.200000e+00	2.769551e+00	4.273513e-01	4.273513e-01
4.200000e+00	4.400000e+00	1.978560e+00	3.612343e-01	3.612343e-01
4.400000e+00	4.600000e+00	2.307449e+00	3.900303e-01	3.900303e-01
4.600000e+00	4.800000e+00	2.307077e+00	3.899674e-01	3.899674e-01
4.800000e+00	5.000000e+00	1.319261e+00	2.949960e-01	2.949960e-01
# END HISTO1D


# BEGIN HISTO1D //data9/Users/choij/cms-mg4gpu-integration/genValidation/DY01234j_13p6TeV_MG356/merged.yoda.gz/MC_ZJETS:ENERGY=13000/jets_dR_13
ErrorBars=1
LineColor=orange
LineStyle=solid
Path=//data9/Users/choij/cms-mg4gpu-integration/genValidation/DY01234j_13p6TeV_MG356/merged.yoda.gz/MC_ZJETS:ENERGY=13000/jets_dR_13
ScaledBy=1.00002898559791416e-06
Title=MG356_13p6TeV_primordialKT
# xlow	 xhigh	 val	 errminus	 errplus
0.000000e+00	2.000000e-01	0.000000e+00	0.000000e+00	0.000000e+00
2.000000e-01	4.000000e-01	0.000000e+00	0.000000e+00	0.000000e+00
4.000000e-01	6.000000e-01	2.242903e+00	3.846548e-01	3.846548e-01
6.000000e-01	8.000000e-01	4.025119e+00	5.153639e-01	5.153639e-01
8.000000e-01	1.000000e+00	2.771432e+00	4.276414e-01	4.276414e-01
1.000000e+00	1.200000e+00	3.101953e+00	4.524666e-01	4.524666e-01
1.200000e+00	1.400000e+00	3.497448e+00	4.804115e-01	4.804115e-01
1.400000e+00	1.600000e+00	3.826649e+00	5.024639e-01	5.024639e-01
1.600000e+00	1.800000e+00	4.288425e+00	5.319138e-01	5.319138e-01
1.800000e+00	2.000000e+00	4.354922e+00	5.360541e-01	5.360541e-01
2.000000e+00	2.200000e+00	5.872220e+00	6.224546e-01	6.224546e-01
2.200000e+00	2.400000e+00	5.807500e+00	6.190820e-01	6.190820e-01
2.400000e+00	2.600000e+00	7.917855e+00	7.227984e-01	7.227984e-01
2.600000e+00	2.800000e+00	9.170940e+00	7.778695e-01	7.778695e-01
2.800000e+00	3.000000e+00	1.002956e+01	8.135052e-01	8.135052e-01
3.000000e+00	3.200000e+00	8.974480e+00	7.695559e-01	7.695559e-01
3.200000e+00	3.400000e+00	6.796975e+00	6.697263e-01	6.697263e-01
3.400000e+00	3.600000e+00	6.136105e+00	6.362847e-01	6.362847e-01
3.600000e+00	3.800000e+00	4.486299e+00	5.440439e-01	5.440439e-01
3.800000e+00	4.000000e+00	3.232642e+00	4.618063e-01	4.618063e-01
4.000000e+00	4.200000e+00	3.760727e+00	4.981207e-01	4.981207e-01
4.200000e+00	4.400000e+00	2.243321e+00	3.847266e-01	3.847266e-01
4.400000e+00	4.600000e+00	1.715728e+00	3.364821e-01	3.364821e-01
4.600000e+00	4.800000e+00	1.319572e+00	2.950655e-01	2.950655e-01
4.800000e+00	5.000000e+00	1.583021e+00	3.231330e-01	3.231330e-01
# END HISTO1D

