# BEGIN PLOT
Legend=1
LogY=1
Title=$\Delta R$ separation between jets
LegendXPos=0.10
LegendYPos=0.5
XLabel=$\Delta{R}(\mathrm{jet~2,~jet~3})$
YLabel=$\mathrm{d}\sigma/\mathrm{d}\Delta{R}(\mathrm{jet~2,~jet~3})$ [pb]
RemoveOptions=1
DrawOnly=//data9/Users/choij/cms-mg4gpu-integration/genValidation/DY01234j_13TeV_MG2918/merged.yoda.gz/MC_ZJETS:ENERGY=13000/jets_dR_23 //data9/Users/choij/cms-mg4gpu-integration/genValidation/DY01234j_13TeV_MG356/merged.yoda.gz/MC_ZJETS:ENERGY=13000/jets_dR_23 //data9/Users/choij/cms-mg4gpu-integration/genValidation/DY01234j_13p6TeV_MG356_noPrimodialKT/merged.yoda.gz/MC_ZJETS:ENERGY=13000/jets_dR_23 //data9/Users/choij/cms-mg4gpu-integration/genValidation/DY01234j_13p6TeV_MG356/merged.yoda.gz/MC_ZJETS:ENERGY=13000/jets_dR_23
LegendOnly=//data9/Users/choij/cms-mg4gpu-integration/genValidation/DY01234j_13TeV_MG2918/merged.yoda.gz/MC_ZJETS:ENERGY=13000/jets_dR_23 //data9/Users/choij/cms-mg4gpu-integration/genValidation/DY01234j_13TeV_MG356/merged.yoda.gz/MC_ZJETS:ENERGY=13000/jets_dR_23 //data9/Users/choij/cms-mg4gpu-integration/genValidation/DY01234j_13p6TeV_MG356_noPrimodialKT/merged.yoda.gz/MC_ZJETS:ENERGY=13000/jets_dR_23 //data9/Users/choij/cms-mg4gpu-integration/genValidation/DY01234j_13p6TeV_MG356/merged.yoda.gz/MC_ZJETS:ENERGY=13000/jets_dR_23
RatioPlot=1
RatioPlotReference=//data9/Users/choij/cms-mg4gpu-integration/genValidation/DY01234j_13TeV_MG2918/merged.yoda.gz/MC_ZJETS:ENERGY=13000/jets_dR_23
RatioPlotYLabel=Ratio
# END PLOT

# BEGIN HISTO1D //data9/Users/choij/cms-mg4gpu-integration/genValidation/DY01234j_13TeV_MG2918/merged.yoda.gz/MC_ZJETS:ENERGY=13000/jets_dR_23
ErrorBars=1
LineColor=red
LineStyle=solid
Path=//data9/Users/choij/cms-mg4gpu-integration/genValidation/DY01234j_13TeV_MG2918/merged.yoda.gz/MC_ZJETS:ENERGY=13000/jets_dR_23
ScaledBy=1.00001639083033487e-06
Title=MG2918_13TeV
# xlow	 xhigh	 val	 errminus	 errplus
0.000000e+00	2.000000e-01	0.000000e+00	0.000000e+00	0.000000e+00
2.000000e-01	4.000000e-01	0.000000e+00	0.000000e+00	0.000000e+00
4.000000e-01	6.000000e-01	3.103300e+00	4.388731e-01	4.388731e-01
6.000000e-01	8.000000e-01	4.156644e+00	5.078152e-01	5.078152e-01
8.000000e-01	1.000000e+00	4.405050e+00	5.227837e-01	5.227837e-01
1.000000e+00	1.200000e+00	4.095800e+00	5.041585e-01	5.041585e-01
1.200000e+00	1.400000e+00	3.600053e+00	4.727105e-01	4.727105e-01
1.400000e+00	1.600000e+00	4.220834e+00	5.118515e-01	5.118515e-01
1.600000e+00	1.800000e+00	4.716499e+00	5.410199e-01	5.410199e-01
1.800000e+00	2.000000e+00	5.336710e+00	5.754724e-01	5.754724e-01
2.000000e+00	2.200000e+00	4.344510e+00	5.192687e-01	5.192687e-01
2.200000e+00	2.400000e+00	4.529500e+00	5.301382e-01	5.301382e-01
2.400000e+00	2.600000e+00	4.716490e+00	5.410189e-01	5.410189e-01
2.600000e+00	2.800000e+00	5.957435e+00	6.080286e-01	6.080286e-01
2.800000e+00	3.000000e+00	8.067380e+00	7.075565e-01	7.075565e-01
3.000000e+00	3.200000e+00	7.198360e+00	6.683517e-01	6.683517e-01
3.200000e+00	3.400000e+00	4.776932e+00	5.443822e-01	5.443822e-01
3.400000e+00	3.600000e+00	4.218941e+00	5.116222e-01	5.116222e-01
3.600000e+00	3.800000e+00	3.847559e+00	4.886408e-01	4.886408e-01
3.800000e+00	4.000000e+00	2.606533e+00	4.021971e-01	4.021971e-01
4.000000e+00	4.200000e+00	1.799484e+00	3.341560e-01	3.341560e-01
4.200000e+00	4.400000e+00	1.799974e+00	3.342469e-01	3.342469e-01
4.400000e+00	4.600000e+00	1.985991e+00	3.510772e-01	3.510772e-01
4.600000e+00	4.800000e+00	1.241493e+00	2.776064e-01	2.776064e-01
4.800000e+00	5.000000e+00	1.613091e+00	3.163534e-01	3.163534e-01
# END HISTO1D


# BEGIN HISTO1D //data9/Users/choij/cms-mg4gpu-integration/genValidation/DY01234j_13TeV_MG356/merged.yoda.gz/MC_ZJETS:ENERGY=13000/jets_dR_23
ErrorBars=1
LineColor=blue
LineStyle=solid
Path=//data9/Users/choij/cms-mg4gpu-integration/genValidation/DY01234j_13TeV_MG356/merged.yoda.gz/MC_ZJETS:ENERGY=13000/jets_dR_23
ScaledBy=1.00000391479478877e-06
Title=MG356_13TeV
# xlow	 xhigh	 val	 errminus	 errplus
0.000000e+00	2.000000e-01	0.000000e+00	0.000000e+00	0.000000e+00
2.000000e-01	4.000000e-01	6.214775e-02	6.214775e-02	6.214775e-02
4.000000e-01	6.000000e-01	3.600055e+00	4.727105e-01	4.727105e-01
6.000000e-01	8.000000e-01	5.212195e+00	5.686976e-01	5.686976e-01
8.000000e-01	1.000000e+00	3.226967e+00	4.474999e-01	4.474999e-01
1.000000e+00	1.200000e+00	4.094659e+00	5.040179e-01	5.040179e-01
1.200000e+00	1.400000e+00	4.529759e+00	5.301684e-01	5.301684e-01
1.400000e+00	1.600000e+00	4.405963e+00	5.228920e-01	5.228920e-01
1.600000e+00	1.800000e+00	5.026450e+00	5.584949e-01	5.584949e-01
1.800000e+00	2.000000e+00	5.274145e+00	5.720614e-01	5.720614e-01
2.000000e+00	2.200000e+00	6.453585e+00	6.328266e-01	6.328266e-01
2.200000e+00	2.400000e+00	6.764555e+00	6.479273e-01	6.479273e-01
2.400000e+00	2.600000e+00	6.267240e+00	6.236139e-01	6.236139e-01
2.600000e+00	2.800000e+00	6.763855e+00	6.478603e-01	6.478603e-01
2.800000e+00	3.000000e+00	5.957185e+00	6.080031e-01	6.080031e-01
3.000000e+00	3.200000e+00	7.447080e+00	6.798226e-01	6.798226e-01
3.200000e+00	3.400000e+00	5.461030e+00	5.821484e-01	5.821484e-01
3.400000e+00	3.600000e+00	4.901617e+00	5.514753e-01	5.514753e-01
3.600000e+00	3.800000e+00	3.722918e+00	4.806269e-01	4.806269e-01
3.800000e+00	4.000000e+00	2.978230e+00	4.298708e-01	4.298708e-01
4.000000e+00	4.200000e+00	1.985708e+00	3.510271e-01	3.510271e-01
4.200000e+00	4.400000e+00	2.234406e+00	3.724012e-01	3.724012e-01
4.400000e+00	4.600000e+00	1.799769e+00	3.342087e-01	3.342087e-01
4.600000e+00	4.800000e+00	1.799779e+00	3.342109e-01	3.342109e-01
4.800000e+00	5.000000e+00	1.116222e+00	2.630962e-01	2.630962e-01
# END HISTO1D


# BEGIN HISTO1D //data9/Users/choij/cms-mg4gpu-integration/genValidation/DY01234j_13p6TeV_MG356_noPrimodialKT/merged.yoda.gz/MC_ZJETS:ENERGY=13000/jets_dR_23
ErrorBars=1
LineColor=green
LineStyle=solid
Path=//data9/Users/choij/cms-mg4gpu-integration/genValidation/DY01234j_13p6TeV_MG356_noPrimodialKT/merged.yoda.gz/MC_ZJETS:ENERGY=13000/jets_dR_23
ScaledBy=1.00001010505697575e-06
Title=MG356_13p6TeV
# xlow	 xhigh	 val	 errminus	 errplus
0.000000e+00	2.000000e-01	0.000000e+00	0.000000e+00	0.000000e+00
2.000000e-01	4.000000e-01	1.318893e-01	9.325984e-02	9.325984e-02
4.000000e-01	6.000000e-01	4.286242e+00	5.316432e-01	5.316432e-01
6.000000e-01	8.000000e-01	5.276060e+00	5.898818e-01	5.898818e-01
8.000000e-01	1.000000e+00	4.946542e+00	5.711777e-01	5.711777e-01
1.000000e+00	1.200000e+00	3.626160e+00	4.889516e-01	4.889516e-01
1.200000e+00	1.400000e+00	4.286341e+00	5.316554e-01	5.316554e-01
1.400000e+00	1.600000e+00	5.275955e+00	5.898699e-01	5.898699e-01
1.600000e+00	1.800000e+00	5.803670e+00	6.186738e-01	6.186738e-01
1.800000e+00	2.000000e+00	6.528835e+00	6.561728e-01	6.561728e-01
2.000000e+00	2.200000e+00	7.056225e+00	6.821516e-01	6.821516e-01
2.200000e+00	2.400000e+00	6.132585e+00	6.359196e-01	6.359196e-01
2.400000e+00	2.600000e+00	6.199685e+00	6.394492e-01	6.394492e-01
2.600000e+00	2.800000e+00	8.241910e+00	7.371794e-01	7.371794e-01
2.800000e+00	3.000000e+00	6.660515e+00	6.627462e-01	6.627462e-01
3.000000e+00	3.200000e+00	8.244140e+00	7.373790e-01	7.373790e-01
3.200000e+00	3.400000e+00	5.605695e+00	6.080232e-01	6.080232e-01
3.400000e+00	3.600000e+00	4.748590e+00	5.596271e-01	5.596271e-01
3.600000e+00	3.800000e+00	3.824591e+00	5.021939e-01	5.021939e-01
3.800000e+00	4.000000e+00	2.967200e+00	4.423243e-01	4.423243e-01
4.000000e+00	4.200000e+00	2.836500e+00	4.325625e-01	4.325625e-01
4.200000e+00	4.400000e+00	2.044417e+00	3.671884e-01	3.671884e-01
4.400000e+00	4.600000e+00	2.176070e+00	3.788053e-01	3.788053e-01
4.600000e+00	4.800000e+00	1.780826e+00	3.427204e-01	3.427204e-01
4.800000e+00	5.000000e+00	9.891935e-01	2.554088e-01	2.554088e-01
# END HISTO1D


# BEGIN HISTO1D //data9/Users/choij/cms-mg4gpu-integration/genValidation/DY01234j_13p6TeV_MG356/merged.yoda.gz/MC_ZJETS:ENERGY=13000/jets_dR_23
ErrorBars=1
LineColor=orange
LineStyle=solid
Path=//data9/Users/choij/cms-mg4gpu-integration/genValidation/DY01234j_13p6TeV_MG356/merged.yoda.gz/MC_ZJETS:ENERGY=13000/jets_dR_23
ScaledBy=1.00002898559791416e-06
Title=MG356_13p6TeV_primordialKT
# xlow	 xhigh	 val	 errminus	 errplus
0.000000e+00	2.000000e-01	0.000000e+00	0.000000e+00	0.000000e+00
2.000000e-01	4.000000e-01	0.000000e+00	0.000000e+00	0.000000e+00
4.000000e-01	6.000000e-01	3.958955e+00	5.110993e-01	5.110993e-01
6.000000e-01	8.000000e-01	4.751027e+00	5.599143e-01	5.599143e-01
8.000000e-01	1.000000e+00	3.629564e+00	4.894105e-01	4.894105e-01
1.000000e+00	1.200000e+00	4.355165e+00	5.360839e-01	5.360839e-01
1.200000e+00	1.400000e+00	3.959236e+00	5.111353e-01	5.111353e-01
1.400000e+00	1.600000e+00	5.080860e+00	5.790181e-01	5.790181e-01
1.600000e+00	1.800000e+00	4.948837e+00	5.714427e-01	5.714427e-01
1.800000e+00	2.000000e+00	6.334370e+00	6.464992e-01	6.464992e-01
2.000000e+00	2.200000e+00	5.806615e+00	6.189879e-01	6.189879e-01
2.200000e+00	2.400000e+00	5.541765e+00	6.046565e-01	6.046565e-01
2.400000e+00	2.600000e+00	6.334405e+00	6.465031e-01	6.465031e-01
2.600000e+00	2.800000e+00	7.984725e+00	7.258845e-01	7.258845e-01
2.800000e+00	3.000000e+00	6.861370e+00	6.728129e-01	6.728129e-01
3.000000e+00	3.200000e+00	7.785275e+00	7.166931e-01	7.166931e-01
3.200000e+00	3.400000e+00	6.860545e+00	6.727321e-01	6.727321e-01
3.400000e+00	3.600000e+00	4.223000e+00	5.278752e-01	5.278752e-01
3.600000e+00	3.800000e+00	4.091392e+00	5.196075e-01	5.196075e-01
3.800000e+00	4.000000e+00	3.628481e+00	4.892645e-01	4.892645e-01
4.000000e+00	4.200000e+00	2.704777e+00	4.224155e-01	4.224155e-01
4.200000e+00	4.400000e+00	2.440812e+00	4.012672e-01	4.012672e-01
4.400000e+00	4.600000e+00	2.704991e+00	4.224487e-01	4.224487e-01
4.600000e+00	4.800000e+00	2.045842e+00	3.674443e-01	3.674443e-01
4.800000e+00	5.000000e+00	1.121715e+00	2.720560e-01	2.720560e-01
# END HISTO1D

