# BEGIN PLOT
Legend=1
LogY=1
Title=Pseudorapidity separation between jets
LegendXPos=0.1
XLabel=$\Delta\phi(\mathrm{jet~1,~jet~2})$
YLabel=$\mathrm{d}\sigma/\mathrm{d}\Delta\phi(\mathrm{jet~1,~jet~2})$ [pb]
RemoveOptions=1
DrawOnly=//data9/Users/choij/cms-mg4gpu-integration/genValidation/DY01234j_13TeV_MG2918/merged.yoda.gz/MC_ZJETS:ENERGY=13000/jets_dphi_12 //data9/Users/choij/cms-mg4gpu-integration/genValidation/DY01234j_13TeV_MG356/merged.yoda.gz/MC_ZJETS:ENERGY=13000/jets_dphi_12 //data9/Users/choij/cms-mg4gpu-integration/genValidation/DY01234j_13p6TeV_MG356_noPrimodialKT/merged.yoda.gz/MC_ZJETS:ENERGY=13000/jets_dphi_12 //data9/Users/choij/cms-mg4gpu-integration/genValidation/DY01234j_13p6TeV_MG356/merged.yoda.gz/MC_ZJETS:ENERGY=13000/jets_dphi_12
LegendOnly=//data9/Users/choij/cms-mg4gpu-integration/genValidation/DY01234j_13TeV_MG2918/merged.yoda.gz/MC_ZJETS:ENERGY=13000/jets_dphi_12 //data9/Users/choij/cms-mg4gpu-integration/genValidation/DY01234j_13TeV_MG356/merged.yoda.gz/MC_ZJETS:ENERGY=13000/jets_dphi_12 //data9/Users/choij/cms-mg4gpu-integration/genValidation/DY01234j_13p6TeV_MG356_noPrimodialKT/merged.yoda.gz/MC_ZJETS:ENERGY=13000/jets_dphi_12 //data9/Users/choij/cms-mg4gpu-integration/genValidation/DY01234j_13p6TeV_MG356/merged.yoda.gz/MC_ZJETS:ENERGY=13000/jets_dphi_12
RatioPlot=1
RatioPlotReference=//data9/Users/choij/cms-mg4gpu-integration/genValidation/DY01234j_13TeV_MG2918/merged.yoda.gz/MC_ZJETS:ENERGY=13000/jets_dphi_12
RatioPlotYLabel=Ratio
# END PLOT

# BEGIN HISTO1D //data9/Users/choij/cms-mg4gpu-integration/genValidation/DY01234j_13TeV_MG2918/merged.yoda.gz/MC_ZJETS:ENERGY=13000/jets_dphi_12
ErrorBars=1
LineColor=red
LineStyle=solid
Path=//data9/Users/choij/cms-mg4gpu-integration/genValidation/DY01234j_13TeV_MG2918/merged.yoda.gz/MC_ZJETS:ENERGY=13000/jets_dphi_12
ScaledBy=1.00001639083033487e-06
Title=MG2918_13TeV
# xlow	 xhigh	 val	 errminus	 errplus
0.000000e+00	1.256637e-01	1.057086e+01	1.021924e+00	1.021924e+00
1.256637e-01	2.513274e-01	1.046941e+01	1.016880e+00	1.016880e+00
2.513274e-01	3.769911e-01	1.086383e+01	1.035826e+00	1.035826e+00
3.769911e-01	5.026548e-01	1.422333e+01	1.185278e+00	1.185278e+00
5.026548e-01	6.283185e-01	1.234643e+01	1.104299e+00	1.104299e+00
6.283185e-01	7.539822e-01	1.304106e+01	1.135079e+00	1.135079e+00
7.539822e-01	8.796459e-01	1.195446e+01	1.086770e+00	1.086770e+00
8.796459e-01	1.005310e+00	1.204897e+01	1.090863e+00	1.090863e+00
1.005310e+00	1.130973e+00	1.224886e+01	1.099981e+00	1.099981e+00
1.130973e+00	1.256637e+00	1.392634e+01	1.172810e+00	1.172810e+00
1.256637e+00	1.382301e+00	1.293786e+01	1.130387e+00	1.130387e+00
1.382301e+00	1.507964e+00	1.264246e+01	1.117447e+00	1.117447e+00
1.507964e+00	1.633628e+00	1.313761e+01	1.139175e+00	1.139175e+00
1.633628e+00	1.759292e+00	1.501354e+01	1.217760e+00	1.217760e+00
1.759292e+00	1.884956e+00	1.550688e+01	1.237585e+00	1.237585e+00
1.884956e+00	2.010619e+00	1.936057e+01	1.382899e+00	1.382899e+00
2.010619e+00	2.136283e+00	2.360444e+01	1.526845e+00	1.526845e+00
2.136283e+00	2.261947e+00	1.935930e+01	1.382808e+00	1.382808e+00
2.261947e+00	2.387610e+00	2.923307e+01	1.699139e+00	1.699139e+00
2.387610e+00	2.513274e+00	3.269164e+01	1.796896e+00	1.796896e+00
2.513274e+00	2.638938e+00	3.506320e+01	1.860963e+00	1.860963e+00
2.638938e+00	2.764602e+00	4.227377e+01	2.043381e+00	2.043381e+00
2.764602e+00	2.890265e+00	4.740968e+01	2.163947e+00	2.163947e+00
2.890265e+00	3.015929e+00	5.007817e+01	2.224051e+00	2.224051e+00
3.015929e+00	3.141593e+00	5.609972e+01	2.353894e+00	2.353894e+00
# END HISTO1D


# BEGIN HISTO1D //data9/Users/choij/cms-mg4gpu-integration/genValidation/DY01234j_13TeV_MG356/merged.yoda.gz/MC_ZJETS:ENERGY=13000/jets_dphi_12
ErrorBars=1
LineColor=blue
LineStyle=solid
Path=//data9/Users/choij/cms-mg4gpu-integration/genValidation/DY01234j_13TeV_MG356/merged.yoda.gz/MC_ZJETS:ENERGY=13000/jets_dphi_12
ScaledBy=1.00000391479478877e-06
Title=MG356_13TeV
# xlow	 xhigh	 val	 errminus	 errplus
0.000000e+00	1.256637e-01	1.145558e+01	1.063624e+00	1.063624e+00
1.256637e-01	2.513274e-01	7.902691e+00	8.835480e-01	8.835480e-01
2.513274e-01	3.769911e-01	9.184713e+00	9.524104e-01	9.524104e-01
3.769911e-01	5.026548e-01	1.254205e+01	1.112927e+00	1.112927e+00
5.026548e-01	6.283185e-01	1.214846e+01	1.095391e+00	1.095391e+00
6.283185e-01	7.539822e-01	1.234462e+01	1.104137e+00	1.104137e+00
7.539822e-01	8.796459e-01	1.046768e+01	1.016711e+00	1.016711e+00
8.796459e-01	1.005310e+00	1.343021e+01	1.151631e+00	1.151631e+00
1.005310e+00	1.130973e+00	1.145780e+01	1.063830e+00	1.063830e+00
1.130973e+00	1.256637e+00	1.471456e+01	1.205465e+00	1.205465e+00
1.256637e+00	1.382301e+00	1.491151e+01	1.213482e+00	1.213482e+00
1.382301e+00	1.507964e+00	1.501350e+01	1.217757e+00	1.217757e+00
1.507964e+00	1.633628e+00	1.333079e+01	1.147332e+00	1.147332e+00
1.633628e+00	1.759292e+00	1.303556e+01	1.134600e+00	1.134600e+00
1.759292e+00	1.884956e+00	1.738427e+01	1.310390e+00	1.310390e+00
1.884956e+00	2.010619e+00	2.054275e+01	1.424384e+00	1.424384e+00
2.010619e+00	2.136283e+00	2.153115e+01	1.458275e+00	1.458275e+00
2.136283e+00	2.261947e+00	2.281339e+01	1.501012e+00	1.501012e+00
2.261947e+00	2.387610e+00	2.805038e+01	1.664485e+00	1.664485e+00
2.387610e+00	2.513274e+00	3.347772e+01	1.818261e+00	1.818261e+00
2.513274e+00	2.638938e+00	3.427131e+01	1.839781e+00	1.839781e+00
2.638938e+00	2.764602e+00	4.148056e+01	2.024045e+00	2.024045e+00
2.764602e+00	2.890265e+00	5.017000e+01	2.225935e+00	2.225935e+00
2.890265e+00	3.015929e+00	5.263835e+01	2.280021e+00	2.280021e+00
3.015929e+00	3.141593e+00	5.649172e+01	2.362039e+00	2.362039e+00
# END HISTO1D


# BEGIN HISTO1D //data9/Users/choij/cms-mg4gpu-integration/genValidation/DY01234j_13p6TeV_MG356_noPrimodialKT/merged.yoda.gz/MC_ZJETS:ENERGY=13000/jets_dphi_12
ErrorBars=1
LineColor=green
LineStyle=solid
Path=//data9/Users/choij/cms-mg4gpu-integration/genValidation/DY01234j_13p6TeV_MG356_noPrimodialKT/merged.yoda.gz/MC_ZJETS:ENERGY=13000/jets_dphi_12
ScaledBy=1.00001010505697575e-06
Title=MG356_13p6TeV
# xlow	 xhigh	 val	 errminus	 errplus
0.000000e+00	1.256637e-01	1.144126e+01	1.095875e+00	1.095875e+00
1.256637e-01	2.513274e-01	1.343583e+01	1.187572e+00	1.187572e+00
2.513274e-01	3.769911e-01	1.322475e+01	1.178155e+00	1.178155e+00
3.769911e-01	5.026548e-01	1.490481e+01	1.250785e+00	1.250785e+00
5.026548e-01	6.283185e-01	1.511401e+01	1.259501e+00	1.259501e+00
6.283185e-01	7.539822e-01	1.207041e+01	1.125572e+00	1.125572e+00
7.539822e-01	8.796459e-01	1.312029e+01	1.173515e+00	1.173515e+00
8.796459e-01	1.005310e+00	9.655542e+00	1.006660e+00	1.006660e+00
1.005310e+00	1.130973e+00	1.364706e+01	1.196926e+00	1.196926e+00
1.130973e+00	1.256637e+00	1.301506e+01	1.168788e+00	1.168788e+00
1.256637e+00	1.382301e+00	1.416847e+01	1.219428e+00	1.219428e+00
1.382301e+00	1.507964e+00	1.469532e+01	1.241982e+00	1.241982e+00
1.507964e+00	1.633628e+00	1.742404e+01	1.352369e+00	1.352369e+00
1.633628e+00	1.759292e+00	1.899730e+01	1.412059e+00	1.412059e+00
1.759292e+00	1.884956e+00	1.763249e+01	1.360377e+00	1.360377e+00
1.884956e+00	2.010619e+00	2.067468e+01	1.473011e+00	1.473011e+00
2.010619e+00	2.136283e+00	2.309213e+01	1.556873e+00	1.556873e+00
2.136283e+00	2.261947e+00	2.529622e+01	1.629474e+00	1.629474e+00
2.261947e+00	2.387610e+00	3.117537e+01	1.808980e+00	1.808980e+00
2.387610e+00	2.513274e+00	3.495414e+01	1.915476e+00	1.915476e+00
2.513274e+00	2.638938e+00	4.072234e+01	2.067365e+00	2.067365e+00
2.638938e+00	2.764602e+00	4.796552e+01	2.243734e+00	2.243734e+00
2.764602e+00	2.890265e+00	5.006241e+01	2.292202e+00	2.292202e+00
2.890265e+00	3.015929e+00	5.552091e+01	2.413954e+00	2.413954e+00
3.015929e+00	3.141593e+00	6.171686e+01	2.545162e+00	2.545162e+00
# END HISTO1D


# BEGIN HISTO1D //data9/Users/choij/cms-mg4gpu-integration/genValidation/DY01234j_13p6TeV_MG356/merged.yoda.gz/MC_ZJETS:ENERGY=13000/jets_dphi_12
ErrorBars=1
LineColor=orange
LineStyle=solid
Path=//data9/Users/choij/cms-mg4gpu-integration/genValidation/DY01234j_13p6TeV_MG356/merged.yoda.gz/MC_ZJETS:ENERGY=13000/jets_dphi_12
ScaledBy=1.00002898559791416e-06
Title=MG356_13p6TeV_primordialKT
# xlow	 xhigh	 val	 errminus	 errplus
0.000000e+00	1.256637e-01	9.346462e+00	9.907236e-01	9.907236e-01
1.256637e-01	2.513274e-01	1.060460e+01	1.055197e+00	1.055197e+00
2.513274e-01	3.769911e-01	1.092112e+01	1.070904e+00	1.070904e+00
3.769911e-01	5.026548e-01	1.491276e+01	1.251451e+00	1.251451e+00
5.026548e-01	6.283185e-01	1.396637e+01	1.211038e+00	1.211038e+00
6.283185e-01	7.539822e-01	1.312716e+01	1.174129e+00	1.174129e+00
7.539822e-01	8.796459e-01	1.375808e+01	1.202049e+00	1.202049e+00
8.796459e-01	1.005310e+00	1.123651e+01	1.086275e+00	1.086275e+00
1.005310e+00	1.130973e+00	1.375751e+01	1.202000e+00	1.202000e+00
1.130973e+00	1.256637e+00	1.417699e+01	1.220162e+00	1.220162e+00
1.256637e+00	1.382301e+00	1.575131e+01	1.286090e+00	1.286090e+00
1.382301e+00	1.507964e+00	1.596214e+01	1.294701e+00	1.294701e+00
1.507964e+00	1.633628e+00	1.711779e+01	1.340769e+00	1.340769e+00
1.633628e+00	1.759292e+00	1.753891e+01	1.357203e+00	1.357203e+00
1.759292e+00	1.884956e+00	1.784878e+01	1.368940e+00	1.368940e+00
1.884956e+00	2.010619e+00	2.258031e+01	1.539966e+00	1.539966e+00
2.010619e+00	2.136283e+00	2.383895e+01	1.582248e+00	1.582248e+00
2.136283e+00	2.261947e+00	2.699012e+01	1.683598e+00	1.683598e+00
2.261947e+00	2.387610e+00	2.940708e+01	1.757410e+00	1.757410e+00
2.387610e+00	2.513274e+00	3.591192e+01	1.941895e+00	1.941895e+00
2.513274e+00	2.638938e+00	3.654432e+01	1.958982e+00	1.958982e+00
2.638938e+00	2.764602e+00	4.672974e+01	2.215203e+00	2.215203e+00
2.764602e+00	2.890265e+00	5.198526e+01	2.336565e+00	2.336565e+00
2.890265e+00	3.015929e+00	6.027792e+01	2.515953e+00	2.515953e+00
3.015929e+00	3.141593e+00	6.322304e+01	2.576780e+00	2.576780e+00
# END HISTO1D

