# BEGIN PLOT
Legend=1
LogY=0
LegendYPos=0.4
XLabel=$p_\perp(\mu\mu)$ [GeV]
YLabel=$\langle\mathrm{d}^2 N_\mathrm{chg}/\mathrm{d}\eta\mathrm{d}\phi\rangle$
Title=$CMS, 13 TeV, pp \rightarrow Z + X \rightarrow \mu^{+}\mu^{-} + X, Transverse$
RemoveOptions=1
DrawOnly=/CMS_2017_I1635889/d02-x01-y01 //data9/Users/choij/cms-mg4gpu-integration/genValidation/DY01234j_13TeV_MG2918/merged.yoda.gz/CMS_2017_I1635889/d02-x01-y01 //data9/Users/choij/cms-mg4gpu-integration/genValidation/DY01234j_13TeV_MG356/merged.yoda.gz/CMS_2017_I1635889/d02-x01-y01
LegendOnly=/CMS_2017_I1635889/d02-x01-y01 //data9/Users/choij/cms-mg4gpu-integration/genValidation/DY01234j_13TeV_MG2918/merged.yoda.gz/CMS_2017_I1635889/d02-x01-y01 //data9/Users/choij/cms-mg4gpu-integration/genValidation/DY01234j_13TeV_MG356/merged.yoda.gz/CMS_2017_I1635889/d02-x01-y01
RatioPlot=1
RatioPlotReference=/CMS_2017_I1635889/d02-x01-y01
# END PLOT

# BEGIN HISTO1D /CMS_2017_I1635889/d02-x01-y01
ConnectBins=0
ErrorBars=1
IsRef=1
Path=/CMS_2017_I1635889/d02-x01-y01
PolyMarker=*
Title=Data
# xlow	 xhigh	 val	 errminus	 errplus
0.000000e+00	5.000000e+00	9.150000e-01	5.079620e-02	5.079620e-02
5.000000e+00	1.000000e+01	9.770000e-01	5.346710e-02	5.346710e-02
1.000000e+01	1.500000e+01	1.030000e+00	5.781890e-02	5.781890e-02
1.500000e+01	2.000000e+01	1.070000e+00	5.940100e-02	5.940100e-02
2.000000e+01	2.500000e+01	1.100000e+00	6.447450e-02	6.447450e-02
2.500000e+01	3.000000e+01	1.110000e+00	6.403690e-02	6.403690e-02
3.000000e+01	3.500000e+01	1.140000e+00	6.676430e-02	6.676430e-02
3.500000e+01	4.000000e+01	1.170000e+00	7.196250e-02	7.196250e-02
4.000000e+01	4.500000e+01	1.170000e+00	6.894450e-02	6.894450e-02
4.500000e+01	5.000000e+01	1.190000e+00	7.514340e-02	7.514340e-02
5.000000e+01	5.500000e+01	1.220000e+00	7.159940e-02	7.159940e-02
5.500000e+01	6.000000e+01	1.210000e+00	7.224140e-02	7.224140e-02
6.000000e+01	6.500000e+01	1.230000e+00	7.512150e-02	7.512150e-02
6.500000e+01	7.000000e+01	1.240000e+00	7.504440e-02	7.504440e-02
7.000000e+01	8.000000e+01	1.250000e+00	7.824500e-02	7.824500e-02
8.000000e+01	9.000000e+01	1.270000e+00	7.105290e-02	7.105290e-02
9.000000e+01	1.000000e+02	1.270000e+00	7.036800e-02	7.036800e-02
# END HISTO1D


# BEGIN HISTO1D //data9/Users/choij/cms-mg4gpu-integration/genValidation/DY01234j_13TeV_MG2918/merged.yoda.gz/CMS_2017_I1635889/d02-x01-y01
ErrorBars=1
LineColor=red
LineStyle=solid
Path=//data9/Users/choij/cms-mg4gpu-integration/genValidation/DY01234j_13TeV_MG2918/merged.yoda.gz/CMS_2017_I1635889/d02-x01-y01
Title=MG2918_13TeV
# xlow	 xhigh	 val	 errminus	 errplus
0.000000e+00	5.000000e+00	1.028805e+00	6.661501e-03	6.661501e-03
5.000000e+00	1.000000e+01	1.062317e+00	6.894506e-03	6.894506e-03
1.000000e+01	1.500000e+01	1.106508e+00	8.662783e-03	8.662783e-03
1.500000e+01	2.000000e+01	1.117980e+00	1.058601e-02	1.058601e-02
2.000000e+01	2.500000e+01	1.166781e+00	1.356907e-02	1.356907e-02
2.500000e+01	3.000000e+01	1.188348e+00	1.583672e-02	1.583672e-02
3.000000e+01	3.500000e+01	1.214921e+00	1.850957e-02	1.850957e-02
3.500000e+01	4.000000e+01	1.242633e+00	2.019598e-02	2.019598e-02
4.000000e+01	4.500000e+01	1.233925e+00	2.451711e-02	2.451711e-02
4.500000e+01	5.000000e+01	1.320607e+00	2.711128e-02	2.711128e-02
5.000000e+01	5.500000e+01	1.343572e+00	3.163759e-02	3.163759e-02
5.500000e+01	6.000000e+01	1.240414e+00	3.527923e-02	3.527923e-02
6.000000e+01	6.500000e+01	1.376961e+00	3.978611e-02	3.978611e-02
6.500000e+01	7.000000e+01	1.350259e+00	4.328288e-02	4.328288e-02
7.000000e+01	8.000000e+01	1.370094e+00	3.594693e-02	3.594693e-02
8.000000e+01	9.000000e+01	1.391419e+00	4.799025e-02	4.799025e-02
9.000000e+01	1.000000e+02	1.315055e+00	5.224772e-02	5.224772e-02
# END HISTO1D


# BEGIN HISTO1D //data9/Users/choij/cms-mg4gpu-integration/genValidation/DY01234j_13TeV_MG356/merged.yoda.gz/CMS_2017_I1635889/d02-x01-y01
ErrorBars=1
LineColor=blue
LineStyle=solid
Path=//data9/Users/choij/cms-mg4gpu-integration/genValidation/DY01234j_13TeV_MG356/merged.yoda.gz/CMS_2017_I1635889/d02-x01-y01
Title=MG356_13TeV
# xlow	 xhigh	 val	 errminus	 errplus
0.000000e+00	5.000000e+00	1.015833e+00	6.662433e-03	6.662433e-03
5.000000e+00	1.000000e+01	1.067794e+00	6.854420e-03	6.854420e-03
1.000000e+01	1.500000e+01	1.090504e+00	8.569674e-03	8.569674e-03
1.500000e+01	2.000000e+01	1.128661e+00	1.079310e-02	1.079310e-02
2.000000e+01	2.500000e+01	1.141929e+00	1.316394e-02	1.316394e-02
2.500000e+01	3.000000e+01	1.176939e+00	1.542534e-02	1.542534e-02
3.000000e+01	3.500000e+01	1.229239e+00	1.896363e-02	1.896363e-02
3.500000e+01	4.000000e+01	1.206251e+00	1.969511e-02	1.969511e-02
4.000000e+01	4.500000e+01	1.250758e+00	2.344502e-02	2.344502e-02
4.500000e+01	5.000000e+01	1.318425e+00	2.802937e-02	2.802937e-02
5.000000e+01	5.500000e+01	1.276065e+00	3.052960e-02	3.052960e-02
5.500000e+01	6.000000e+01	1.299431e+00	3.388529e-02	3.388529e-02
6.000000e+01	6.500000e+01	1.264495e+00	3.617357e-02	3.617357e-02
6.500000e+01	7.000000e+01	1.306954e+00	4.319520e-02	4.319520e-02
7.000000e+01	8.000000e+01	1.303967e+00	3.453226e-02	3.453226e-02
8.000000e+01	9.000000e+01	1.315943e+00	4.094603e-02	4.094603e-02
9.000000e+01	1.000000e+02	1.432337e+00	5.538141e-02	5.538141e-02
# END HISTO1D

