# BEGIN PLOT
Legend=1
LogY=0
LegendYPos=0.4
XLabel=$p_\perp(\mu\mu)$ [GeV]
YLabel=$\langle\mathrm{d}^2 \sum p_\perp/\mathrm{d}\eta\mathrm{d}\phi\rangle$ [GeV]
Title=$CMS, 13 TeV, pp \rightarrow Z + X \rightarrow \mu^{+}\mu^{-} + X, Transverse$
RemoveOptions=1
DrawOnly=/CMS_2017_I1635889/d05-x01-y01 //data9/Users/choij/cms-mg4gpu-integration/genValidation/DY01234j_13TeV_MG2918/merged.yoda.gz/CMS_2017_I1635889/d05-x01-y01 //data9/Users/choij/cms-mg4gpu-integration/genValidation/DY01234j_13TeV_MG356/merged.yoda.gz/CMS_2017_I1635889/d05-x01-y01
LegendOnly=/CMS_2017_I1635889/d05-x01-y01 //data9/Users/choij/cms-mg4gpu-integration/genValidation/DY01234j_13TeV_MG2918/merged.yoda.gz/CMS_2017_I1635889/d05-x01-y01 //data9/Users/choij/cms-mg4gpu-integration/genValidation/DY01234j_13TeV_MG356/merged.yoda.gz/CMS_2017_I1635889/d05-x01-y01
RatioPlot=1
RatioPlotReference=/CMS_2017_I1635889/d05-x01-y01
# END PLOT

# BEGIN HISTO1D /CMS_2017_I1635889/d05-x01-y01
ConnectBins=0
ErrorBars=1
IsRef=1
Path=/CMS_2017_I1635889/d05-x01-y01
PolyMarker=*
Title=Data
# xlow	 xhigh	 val	 errminus	 errplus
0.000000e+00	5.000000e+00	1.000000e+00	5.814880e-02	5.814880e-02
5.000000e+00	1.000000e+01	1.110000e+00	6.482010e-02	6.482010e-02
1.000000e+01	1.500000e+01	1.210000e+00	7.383790e-02	7.383790e-02
1.500000e+01	2.000000e+01	1.290000e+00	8.276890e-02	8.276890e-02
2.000000e+01	2.500000e+01	1.360000e+00	8.936060e-02	8.936060e-02
2.500000e+01	3.000000e+01	1.420000e+00	8.921590e-02	8.921590e-02
3.000000e+01	3.500000e+01	1.500000e+00	9.725440e-02	9.725440e-02
3.500000e+01	4.000000e+01	1.580000e+00	1.197780e-01	1.197780e-01
4.000000e+01	4.500000e+01	1.600000e+00	1.037860e-01	1.037860e-01
4.500000e+01	5.000000e+01	1.650000e+00	1.118250e-01	1.118250e-01
5.000000e+01	5.500000e+01	1.780000e+00	1.097530e-01	1.097530e-01
5.500000e+01	6.000000e+01	1.750000e+00	1.257070e-01	1.257070e-01
6.000000e+01	6.500000e+01	1.830000e+00	1.312610e-01	1.312610e-01
6.500000e+01	7.000000e+01	1.860000e+00	1.294420e-01	1.294420e-01
7.000000e+01	8.000000e+01	1.940000e+00	1.308580e-01	1.308580e-01
8.000000e+01	9.000000e+01	2.010000e+00	1.545350e-01	1.545350e-01
9.000000e+01	1.000000e+02	2.030000e+00	1.084460e-01	1.084460e-01
# END HISTO1D


# BEGIN HISTO1D //data9/Users/choij/cms-mg4gpu-integration/genValidation/DY01234j_13TeV_MG2918/merged.yoda.gz/CMS_2017_I1635889/d05-x01-y01
ErrorBars=1
LineColor=red
LineStyle=solid
Path=//data9/Users/choij/cms-mg4gpu-integration/genValidation/DY01234j_13TeV_MG2918/merged.yoda.gz/CMS_2017_I1635889/d05-x01-y01
Title=MG2918_13TeV
# xlow	 xhigh	 val	 errminus	 errplus
0.000000e+00	5.000000e+00	1.110374e+00	8.836494e-03	8.836494e-03
5.000000e+00	1.000000e+01	1.172061e+00	9.657902e-03	9.657902e-03
1.000000e+01	1.500000e+01	1.252423e+00	1.240662e-02	1.240662e-02
1.500000e+01	2.000000e+01	1.283499e+00	1.695119e-02	1.695119e-02
2.000000e+01	2.500000e+01	1.371747e+00	2.038354e-02	2.038354e-02
2.500000e+01	3.000000e+01	1.415952e+00	2.493540e-02	2.493540e-02
3.000000e+01	3.500000e+01	1.499738e+00	3.254374e-02	3.254374e-02
3.500000e+01	4.000000e+01	1.592558e+00	3.862798e-02	3.862798e-02
4.000000e+01	4.500000e+01	1.631054e+00	5.979834e-02	5.979834e-02
4.500000e+01	5.000000e+01	1.713839e+00	4.764508e-02	4.764508e-02
5.000000e+01	5.500000e+01	1.860877e+00	7.989691e-02	7.989691e-02
5.500000e+01	6.000000e+01	1.727307e+00	9.409325e-02	9.409325e-02
6.000000e+01	6.500000e+01	1.905800e+00	9.051053e-02	9.051053e-02
6.500000e+01	7.000000e+01	1.929752e+00	1.273471e-01	1.273471e-01
7.000000e+01	8.000000e+01	2.057299e+00	1.022627e-01	1.022627e-01
8.000000e+01	9.000000e+01	2.045863e+00	1.424476e-01	1.424476e-01
9.000000e+01	1.000000e+02	1.996405e+00	1.469298e-01	1.469298e-01
# END HISTO1D


# BEGIN HISTO1D //data9/Users/choij/cms-mg4gpu-integration/genValidation/DY01234j_13TeV_MG356/merged.yoda.gz/CMS_2017_I1635889/d05-x01-y01
ErrorBars=1
LineColor=blue
LineStyle=solid
Path=//data9/Users/choij/cms-mg4gpu-integration/genValidation/DY01234j_13TeV_MG356/merged.yoda.gz/CMS_2017_I1635889/d05-x01-y01
Title=MG356_13TeV
# xlow	 xhigh	 val	 errminus	 errplus
0.000000e+00	5.000000e+00	1.095699e+00	8.582589e-03	8.582589e-03
5.000000e+00	1.000000e+01	1.172852e+00	1.016319e-02	1.016319e-02
1.000000e+01	1.500000e+01	1.226921e+00	1.204876e-02	1.204876e-02
1.500000e+01	2.000000e+01	1.304362e+00	1.651093e-02	1.651093e-02
2.000000e+01	2.500000e+01	1.358294e+00	2.269169e-02	2.269169e-02
2.500000e+01	3.000000e+01	1.425592e+00	2.503394e-02	2.503394e-02
3.000000e+01	3.500000e+01	1.559500e+00	3.451867e-02	3.451867e-02
3.500000e+01	4.000000e+01	1.520344e+00	3.884523e-02	3.884523e-02
4.000000e+01	4.500000e+01	1.635364e+00	4.943132e-02	4.943132e-02
4.500000e+01	5.000000e+01	1.777872e+00	6.444278e-02	6.444278e-02
5.000000e+01	5.500000e+01	1.726124e+00	6.638551e-02	6.638551e-02
5.500000e+01	6.000000e+01	1.847642e+00	1.040062e-01	1.040062e-01
6.000000e+01	6.500000e+01	1.673883e+00	6.754826e-02	6.754826e-02
6.500000e+01	7.000000e+01	1.752893e+00	9.094351e-02	9.094351e-02
7.000000e+01	8.000000e+01	1.808215e+00	7.354130e-02	7.354130e-02
8.000000e+01	9.000000e+01	1.847367e+00	9.284773e-02	9.284773e-02
9.000000e+01	1.000000e+02	2.398441e+00	1.930544e-01	1.930544e-01
# END HISTO1D

