# BEGIN PLOT
Legend=1
LogY=0
RatioPlotYMin=0.75
RatioPlotYMax=1.25
Title=CMS, 13 TeV, $Z \to \ell^+ \ell^-$, $0 < |y^{Z}| < 0.4$
XMin=0.1
LogX=1
XLabel=$p_{T}^{Z}$ [GeV]
YLabel=$1/\sigma d\sigma/dp_{T}^{Z}$ [1/GeV]
RemoveOptions=1
DrawOnly=/CMS_2019_I1753680/d33-x01-y01 //data9/Users/choij/cms-mg4gpu-integration/genValidation/DY01234j_13TeV_MG2918/merged.yoda.gz/CMS_2019_I1753680/d33-x01-y01 //data9/Users/choij/cms-mg4gpu-integration/genValidation/DY01234j_13TeV_MG356/merged.yoda.gz/CMS_2019_I1753680/d33-x01-y01
LegendOnly=/CMS_2019_I1753680/d33-x01-y01 //data9/Users/choij/cms-mg4gpu-integration/genValidation/DY01234j_13TeV_MG2918/merged.yoda.gz/CMS_2019_I1753680/d33-x01-y01 //data9/Users/choij/cms-mg4gpu-integration/genValidation/DY01234j_13TeV_MG356/merged.yoda.gz/CMS_2019_I1753680/d33-x01-y01
RatioPlot=1
RatioPlotReference=/CMS_2019_I1753680/d33-x01-y01
# END PLOT

# BEGIN HISTO1D /CMS_2019_I1753680/d33-x01-y01
ConnectBins=0
ErrorBars=1
IsRef=1
Path=/CMS_2019_I1753680/d33-x01-y01
PolyMarker=*
Title=Data
# xlow	 xhigh	 val	 errminus	 errplus
0.000000e+00	1.000000e+00	1.915600e-02	2.689900e-04	2.689900e-04
1.000000e+00	2.000000e+00	4.823100e-02	6.772300e-04	6.772300e-04
2.000000e+00	3.000000e+00	6.749400e-02	9.175500e-04	9.175500e-04
3.000000e+00	4.000000e+00	7.638300e-02	9.721000e-04	9.721000e-04
4.000000e+00	5.000000e+00	7.792100e-02	9.590200e-04	9.590200e-04
5.000000e+00	6.000000e+00	7.503300e-02	9.234800e-04	9.234800e-04
6.000000e+00	7.000000e+00	7.079700e-02	8.761400e-04	8.761400e-04
7.000000e+00	8.000000e+00	6.607500e-02	8.273000e-04	8.273000e-04
8.000000e+00	9.000000e+00	6.165700e-02	7.742400e-04	7.742400e-04
9.000000e+00	1.000000e+01	5.667400e-02	7.003300e-04	7.003300e-04
1.000000e+01	1.100000e+01	5.176600e-02	6.261500e-04	6.261500e-04
1.100000e+01	1.200000e+01	4.752700e-02	5.683500e-04	5.683500e-04
1.200000e+01	1.300000e+01	4.460700e-02	5.301200e-04	5.301200e-04
1.300000e+01	1.400000e+01	4.130200e-02	4.889700e-04	4.889700e-04
1.400000e+01	1.600000e+01	3.607400e-02	4.259100e-04	4.259100e-04
1.600000e+01	1.800000e+01	3.083200e-02	3.623400e-04	3.623400e-04
1.800000e+01	2.000000e+01	2.692400e-02	3.134900e-04	3.134900e-04
2.000000e+01	2.200000e+01	2.328200e-02	2.667900e-04	2.667900e-04
2.200000e+01	2.500000e+01	1.956600e-02	2.212900e-04	2.212900e-04
2.500000e+01	2.800000e+01	1.638000e-02	1.821300e-04	1.821300e-04
2.800000e+01	3.200000e+01	1.295800e-02	1.395400e-04	1.395400e-04
3.200000e+01	3.700000e+01	1.025000e-02	1.069200e-04	1.069200e-04
3.700000e+01	4.300000e+01	7.631800e-03	7.813400e-05	7.813400e-05
4.300000e+01	5.200000e+01	5.319500e-03	5.403800e-05	5.403800e-05
5.200000e+01	6.500000e+01	3.239900e-03	3.330700e-05	3.330700e-05
6.500000e+01	8.500000e+01	1.685800e-03	1.819700e-05	1.819700e-05
8.500000e+01	1.200000e+02	7.235000e-04	8.534100e-06	8.534100e-06
1.200000e+02	1.600000e+02	2.690600e-04	3.680700e-06	3.680700e-06
1.600000e+02	1.900000e+02	1.172300e-04	1.912700e-06	1.912700e-06
1.900000e+02	2.200000e+02	6.235700e-05	1.205600e-06	1.205600e-06
2.200000e+02	2.500000e+02	3.519900e-05	7.955200e-07	7.955200e-07
2.500000e+02	3.000000e+02	1.847900e-05	4.689700e-07	4.689700e-07
3.000000e+02	4.000000e+02	6.360800e-06	1.858900e-07	1.858900e-07
4.000000e+02	1.500000e+03	2.631400e-07	9.346000e-09	9.346000e-09
# END HISTO1D


# BEGIN HISTO1D //data9/Users/choij/cms-mg4gpu-integration/genValidation/DY01234j_13TeV_MG2918/merged.yoda.gz/CMS_2019_I1753680/d33-x01-y01
ErrorBars=1
LineColor=red
LineStyle=solid
Path=//data9/Users/choij/cms-mg4gpu-integration/genValidation/DY01234j_13TeV_MG2918/merged.yoda.gz/CMS_2019_I1753680/d33-x01-y01
ScaledBy=5.08610199893969038e-09
Title=MG2918_13TeV
# xlow	 xhigh	 val	 errminus	 errplus
0.000000e+00	1.000000e+00	2.335591e-02	1.214217e-03	1.214217e-03
1.000000e+00	2.000000e+00	6.230240e-02	1.983109e-03	1.983109e-03
2.000000e+00	3.000000e+00	8.755925e-02	2.351062e-03	2.351062e-03
3.000000e+00	4.000000e+00	8.913100e-02	2.371984e-03	2.371984e-03
4.000000e+00	5.000000e+00	8.636322e-02	2.334996e-03	2.334996e-03
5.000000e+00	6.000000e+00	7.890953e-02	2.231900e-03	2.231900e-03
6.000000e+00	7.000000e+00	7.127013e-02	2.121099e-03	2.121099e-03
7.000000e+00	8.000000e+00	6.274838e-02	1.990259e-03	1.990259e-03
8.000000e+00	9.000000e+00	5.510869e-02	1.865148e-03	1.865148e-03
9.000000e+00	1.000000e+01	5.340459e-02	1.836089e-03	1.836089e-03
1.000000e+01	1.100000e+01	4.949345e-02	1.767624e-03	1.767624e-03
1.100000e+01	1.200000e+01	4.513679e-02	1.688021e-03	1.688021e-03
1.200000e+01	1.300000e+01	3.844685e-02	1.557946e-03	1.557946e-03
1.300000e+01	1.400000e+01	3.553881e-02	1.497783e-03	1.497783e-03
1.400000e+01	1.600000e+01	3.251205e-02	1.013038e-03	1.013038e-03
1.600000e+01	1.800000e+01	2.544038e-02	8.961000e-04	8.961000e-04
1.800000e+01	2.000000e+01	2.278935e-02	8.481324e-04	8.481324e-04
2.000000e+01	2.200000e+01	1.865475e-02	7.673542e-04	7.673542e-04
2.200000e+01	2.500000e+01	1.517128e-02	5.650082e-04	5.650082e-04
2.500000e+01	2.800000e+01	1.298277e-02	5.226671e-04	5.226671e-04
2.800000e+01	3.200000e+01	1.107901e-02	4.181505e-04	4.181505e-04
3.200000e+01	3.700000e+01	8.244958e-03	3.226503e-04	3.226503e-04
3.700000e+01	4.300000e+01	5.975923e-03	2.507443e-04	2.507443e-04
4.300000e+01	5.200000e+01	4.208183e-03	1.717985e-04	1.717985e-04
5.200000e+01	6.500000e+01	2.224035e-03	1.039224e-04	1.039224e-04
6.500000e+01	8.500000e+01	1.098393e-03	5.888005e-05	5.888005e-05
8.500000e+01	1.200000e+02	5.086140e-04	3.028755e-05	3.028755e-05
1.200000e+02	1.600000e+02	1.704457e-04	1.640116e-05	1.640116e-05
1.600000e+02	1.900000e+02	1.052183e-04	1.488013e-05	1.488013e-05
1.900000e+02	2.200000e+02	3.156248e-05	8.149401e-06	8.149401e-06
2.200000e+02	2.500000e+02	1.683088e-05	5.950617e-06	5.950617e-06
2.500000e+02	3.000000e+02	1.135635e-05	3.785455e-06	3.785455e-06
3.000000e+02	4.000000e+02	5.680189e-06	1.893397e-06	1.893397e-06
4.000000e+02	1.500000e+03	2.296680e-07	1.148340e-07	1.148340e-07
# END HISTO1D


# BEGIN HISTO1D //data9/Users/choij/cms-mg4gpu-integration/genValidation/DY01234j_13TeV_MG356/merged.yoda.gz/CMS_2019_I1753680/d33-x01-y01
ErrorBars=1
LineColor=blue
LineStyle=solid
Path=//data9/Users/choij/cms-mg4gpu-integration/genValidation/DY01234j_13TeV_MG356/merged.yoda.gz/CMS_2019_I1753680/d33-x01-y01
ScaledBy=5.07289933013214773e-09
Title=MG356_13TeV
# xlow	 xhigh	 val	 errminus	 errplus
0.000000e+00	1.000000e+00	2.253893e-02	1.191220e-03	1.191220e-03
1.000000e+00	2.000000e+00	6.282967e-02	1.988839e-03	1.988839e-03
2.000000e+00	3.000000e+00	8.776543e-02	2.350674e-03	2.350674e-03
3.000000e+00	4.000000e+00	8.895960e-02	2.366584e-03	2.366584e-03
4.000000e+00	5.000000e+00	8.794880e-02	2.353054e-03	2.353054e-03
5.000000e+00	6.000000e+00	7.951362e-02	2.237382e-03	2.237382e-03
6.000000e+00	7.000000e+00	6.988427e-02	2.097578e-03	2.097578e-03
7.000000e+00	8.000000e+00	5.924289e-02	1.931264e-03	1.931264e-03
8.000000e+00	9.000000e+00	5.729072e-02	1.899170e-03	1.899170e-03
9.000000e+00	1.000000e+01	5.257186e-02	1.819325e-03	1.819325e-03
1.000000e+01	1.100000e+01	4.545568e-02	1.691686e-03	1.691686e-03
1.100000e+01	1.200000e+01	4.174194e-02	1.621123e-03	1.621123e-03
1.200000e+01	1.300000e+01	4.192871e-02	1.624706e-03	1.624706e-03
1.300000e+01	1.400000e+01	3.752364e-02	1.537029e-03	1.537029e-03
1.400000e+01	1.600000e+01	3.185728e-02	1.001426e-03	1.001426e-03
1.600000e+01	1.800000e+01	2.571883e-02	8.997882e-04	8.997882e-04
1.800000e+01	2.000000e+01	2.452146e-02	8.785727e-04	8.785727e-04
2.000000e+01	2.200000e+01	1.932908e-02	7.800583e-04	7.800583e-04
2.200000e+01	2.500000e+01	1.718764e-02	6.005849e-04	6.005849e-04
2.500000e+01	2.800000e+01	1.338861e-02	5.300605e-04	5.300605e-04
2.800000e+01	3.200000e+01	1.024684e-02	4.016056e-04	4.016056e-04
3.200000e+01	3.700000e+01	8.046312e-03	3.183073e-04	3.183073e-04
3.700000e+01	4.300000e+01	6.086302e-03	2.527200e-04	2.527200e-04
4.300000e+01	5.200000e+01	3.896451e-03	1.650980e-04	1.650980e-04
5.200000e+01	6.500000e+01	2.494027e-03	1.099000e-04	1.099000e-04
6.500000e+01	8.500000e+01	1.130170e-03	5.964813e-05	5.964813e-05
8.500000e+01	1.200000e+02	5.072871e-04	3.020851e-05	3.020851e-05
1.200000e+02	1.600000e+02	2.030560e-04	1.787809e-05	1.787809e-05
1.600000e+02	1.900000e+02	9.233240e-05	1.391964e-05	1.391964e-05
1.900000e+02	2.200000e+02	4.828627e-05	1.006839e-05	1.006839e-05
2.200000e+02	2.500000e+02	3.356903e-05	8.392262e-06	8.392262e-06
2.500000e+02	3.000000e+02	1.006587e-05	3.558824e-06	3.558824e-06
3.000000e+02	4.000000e+02	6.296498e-06	1.991128e-06	1.991128e-06
4.000000e+02	1.500000e+03	3.432946e-07	1.401495e-07	1.401495e-07
# END HISTO1D

