# BEGIN PLOT
Legend=1
LogY=1
Title=$\log_{10}$($k_\perp$ jet resolution $2 \to 3$ [GeV])
XLabel=$\log_{10}(d_{23}/\mathrm{GeV})$
YLabel=$\mathrm{d}\sigma/\mathrm{d}\log_{10}(d_{23}/\mathrm{GeV})$ [pb]
LegendXPos=0.15
LegendYPos=0.5
Rebin=2
RemoveOptions=1
DrawOnly=//data9/Users/choij/cms-mg4gpu-integration/genValidation/DY01234j_13TeV_MG2918/merged.yoda.gz/MC_ZKTSPLITTINGS:ENERGY=13000/log10_d_23 //data9/Users/choij/cms-mg4gpu-integration/genValidation/DY01234j_13TeV_MG356/merged.yoda.gz/MC_ZKTSPLITTINGS:ENERGY=13000/log10_d_23 //data9/Users/choij/cms-mg4gpu-integration/genValidation/DY01234j_13p6TeV_MG356_noPrimodialKT/merged.yoda.gz/MC_ZKTSPLITTINGS:ENERGY=13000/log10_d_23 //data9/Users/choij/cms-mg4gpu-integration/genValidation/DY01234j_13p6TeV_MG356/merged.yoda.gz/MC_ZKTSPLITTINGS:ENERGY=13000/log10_d_23
LegendOnly=//data9/Users/choij/cms-mg4gpu-integration/genValidation/DY01234j_13TeV_MG2918/merged.yoda.gz/MC_ZKTSPLITTINGS:ENERGY=13000/log10_d_23 //data9/Users/choij/cms-mg4gpu-integration/genValidation/DY01234j_13TeV_MG356/merged.yoda.gz/MC_ZKTSPLITTINGS:ENERGY=13000/log10_d_23 //data9/Users/choij/cms-mg4gpu-integration/genValidation/DY01234j_13p6TeV_MG356_noPrimodialKT/merged.yoda.gz/MC_ZKTSPLITTINGS:ENERGY=13000/log10_d_23 //data9/Users/choij/cms-mg4gpu-integration/genValidation/DY01234j_13p6TeV_MG356/merged.yoda.gz/MC_ZKTSPLITTINGS:ENERGY=13000/log10_d_23
RatioPlot=1
RatioPlotReference=//data9/Users/choij/cms-mg4gpu-integration/genValidation/DY01234j_13TeV_MG2918/merged.yoda.gz/MC_ZKTSPLITTINGS:ENERGY=13000/log10_d_23
RatioPlotYLabel=Ratio
# END PLOT

# BEGIN HISTO1D //data9/Users/choij/cms-mg4gpu-integration/genValidation/DY01234j_13TeV_MG2918/merged.yoda.gz/MC_ZKTSPLITTINGS:ENERGY=13000/log10_d_23
ErrorBars=1
LineColor=red
LineStyle=solid
Path=//data9/Users/choij/cms-mg4gpu-integration/genValidation/DY01234j_13TeV_MG2918/merged.yoda.gz/MC_ZKTSPLITTINGS:ENERGY=13000/log10_d_23
ScaledBy=1.00001639083033487e-06
Title=MG2918_13TeV
# xlow	 xhigh	 val	 errminus	 errplus
2.000000e-01	2.361291e-01	1.521863e+02	7.230596e+00	7.230596e+00
2.361291e-01	2.722583e-01	1.827623e+02	7.923756e+00	7.923756e+00
2.722583e-01	3.083874e-01	1.982242e+02	8.252187e+00	8.252187e+00
3.083874e-01	3.445165e-01	2.339552e+02	8.965192e+00	8.965192e+00
3.445165e-01	3.806457e-01	2.521765e+02	9.308014e+00	9.308014e+00
3.806457e-01	4.167748e-01	2.700153e+02	9.631135e+00	9.631135e+00
4.167748e-01	4.529039e-01	3.314962e+02	1.067125e+01	1.067125e+01
4.529039e-01	4.890331e-01	3.799478e+02	1.142475e+01	1.142475e+01
4.890331e-01	5.251622e-01	4.400696e+02	1.229553e+01	1.229553e+01
5.251622e-01	5.612913e-01	4.727112e+02	1.274345e+01	1.274345e+01
5.612913e-01	5.974205e-01	5.579249e+02	1.384469e+01	1.384469e+01
5.974205e-01	6.335496e-01	6.352193e+02	1.477255e+01	1.477255e+01
6.335496e-01	6.696787e-01	6.932874e+02	1.543310e+01	1.543310e+01
6.696787e-01	7.058079e-01	7.835847e+02	1.640679e+01	1.640679e+01
7.058079e-01	7.419370e-01	9.429942e+02	1.799858e+01	1.799858e+01
7.419370e-01	7.780661e-01	1.063606e+03	1.911527e+01	1.911527e+01
7.780661e-01	8.141953e-01	1.186577e+03	2.018993e+01	2.018993e+01
8.141953e-01	8.503244e-01	1.286218e+03	2.102069e+01	2.102069e+01
8.503244e-01	8.864535e-01	1.461409e+03	2.240646e+01	2.240646e+01
8.864535e-01	9.225827e-01	1.586753e+03	2.334725e+01	2.334725e+01
9.225827e-01	9.587118e-01	1.622576e+03	2.361002e+01	2.361002e+01
9.587118e-01	9.948409e-01	1.636626e+03	2.371177e+01	2.371177e+01
9.948409e-01	1.030970e+00	1.621560e+03	2.360274e+01	2.360274e+01
1.030970e+00	1.067099e+00	1.494787e+03	2.266131e+01	2.266131e+01
1.067099e+00	1.103228e+00	1.296235e+03	2.110283e+01	2.110283e+01
1.103228e+00	1.139357e+00	1.042987e+03	1.892902e+01	1.892902e+01
1.139357e+00	1.175487e+00	8.426776e+02	1.701426e+01	1.701426e+01
1.175487e+00	1.211616e+00	6.334806e+02	1.475208e+01	1.475208e+01
1.211616e+00	1.247745e+00	5.080835e+02	1.321147e+01	1.321147e+01
1.247745e+00	1.283874e+00	3.476623e+02	1.092868e+01	1.092868e+01
1.283874e+00	1.320003e+00	2.679449e+02	9.593974e+00	9.593974e+00
1.320003e+00	1.356132e+00	2.006372e+02	8.302430e+00	8.302430e+00
1.356132e+00	1.392261e+00	1.453273e+02	7.066059e+00	7.066059e+00
1.392261e+00	1.428391e+00	1.154224e+02	6.296813e+00	6.296813e+00
1.428391e+00	1.464520e+00	8.382150e+01	5.366125e+00	5.366125e+00
1.464520e+00	1.500649e+00	6.285776e+01	4.646583e+00	4.646583e+00
1.500649e+00	1.536778e+00	5.393615e+01	4.304577e+00	4.304577e+00
1.536778e+00	1.572907e+00	4.019436e+01	3.715973e+00	3.715973e+00
1.572907e+00	1.609036e+00	3.916037e+01	3.667707e+00	3.667707e+00
1.609036e+00	1.645165e+00	2.610686e+01	2.994664e+00	2.994664e+00
1.645165e+00	1.681294e+00	2.095575e+01	2.683110e+00	2.683110e+00
1.681294e+00	1.717424e+00	1.854624e+01	2.523825e+00	2.523825e+00
1.717424e+00	1.753553e+00	1.649076e+01	2.380237e+00	2.380237e+00
1.753553e+00	1.789682e+00	1.099259e+01	1.943235e+00	1.943235e+00
1.789682e+00	1.825811e+00	7.558535e+00	1.611486e+00	1.611486e+00
1.825811e+00	1.861940e+00	5.496864e+00	1.374217e+00	1.374217e+00
1.861940e+00	1.898069e+00	4.121642e+00	1.189816e+00	1.189816e+00
1.898069e+00	1.934198e+00	3.436431e+00	1.086696e+00	1.086696e+00
1.934198e+00	1.970328e+00	4.120980e+00	1.189626e+00	1.189626e+00
1.970328e+00	2.006457e+00	2.403709e+00	9.085172e-01	9.085172e-01
2.006457e+00	2.042586e+00	1.374276e+00	6.871382e-01	6.871382e-01
2.042586e+00	2.078715e+00	1.373221e+00	6.866109e-01	6.866109e-01
2.078715e+00	2.114844e+00	1.717621e+00	7.681435e-01	7.681435e-01
2.114844e+00	2.150973e+00	1.375286e+00	6.876432e-01	6.876432e-01
2.150973e+00	2.187102e+00	0.000000e+00	0.000000e+00	0.000000e+00
2.187102e+00	2.223231e+00	3.434249e-01	3.434250e-01	3.434250e-01
2.223231e+00	2.259361e+00	0.000000e+00	0.000000e+00	0.000000e+00
2.259361e+00	2.295490e+00	0.000000e+00	0.000000e+00	0.000000e+00
2.295490e+00	2.331619e+00	0.000000e+00	0.000000e+00	0.000000e+00
2.331619e+00	2.367748e+00	0.000000e+00	0.000000e+00	0.000000e+00
2.367748e+00	2.403877e+00	0.000000e+00	0.000000e+00	0.000000e+00
2.403877e+00	2.440006e+00	0.000000e+00	0.000000e+00	0.000000e+00
2.440006e+00	2.476135e+00	0.000000e+00	0.000000e+00	0.000000e+00
2.476135e+00	2.512265e+00	0.000000e+00	0.000000e+00	0.000000e+00
2.512265e+00	2.548394e+00	0.000000e+00	0.000000e+00	0.000000e+00
2.548394e+00	2.584523e+00	0.000000e+00	0.000000e+00	0.000000e+00
2.584523e+00	2.620652e+00	0.000000e+00	0.000000e+00	0.000000e+00
2.620652e+00	2.656781e+00	0.000000e+00	0.000000e+00	0.000000e+00
2.656781e+00	2.692910e+00	0.000000e+00	0.000000e+00	0.000000e+00
2.692910e+00	2.729039e+00	0.000000e+00	0.000000e+00	0.000000e+00
2.729039e+00	2.765168e+00	0.000000e+00	0.000000e+00	0.000000e+00
2.765168e+00	2.801298e+00	0.000000e+00	0.000000e+00	0.000000e+00
2.801298e+00	2.837427e+00	0.000000e+00	0.000000e+00	0.000000e+00
2.837427e+00	2.873556e+00	0.000000e+00	0.000000e+00	0.000000e+00
2.873556e+00	2.909685e+00	0.000000e+00	0.000000e+00	0.000000e+00
2.909685e+00	2.945814e+00	0.000000e+00	0.000000e+00	0.000000e+00
2.945814e+00	2.981943e+00	0.000000e+00	0.000000e+00	0.000000e+00
2.981943e+00	3.018072e+00	0.000000e+00	0.000000e+00	0.000000e+00
3.018072e+00	3.054202e+00	0.000000e+00	0.000000e+00	0.000000e+00
3.054202e+00	3.090331e+00	0.000000e+00	0.000000e+00	0.000000e+00
3.090331e+00	3.126460e+00	0.000000e+00	0.000000e+00	0.000000e+00
3.126460e+00	3.162589e+00	0.000000e+00	0.000000e+00	0.000000e+00
3.162589e+00	3.198718e+00	0.000000e+00	0.000000e+00	0.000000e+00
3.198718e+00	3.234847e+00	0.000000e+00	0.000000e+00	0.000000e+00
3.234847e+00	3.270976e+00	0.000000e+00	0.000000e+00	0.000000e+00
3.270976e+00	3.307105e+00	0.000000e+00	0.000000e+00	0.000000e+00
3.307105e+00	3.343235e+00	0.000000e+00	0.000000e+00	0.000000e+00
3.343235e+00	3.379364e+00	0.000000e+00	0.000000e+00	0.000000e+00
3.379364e+00	3.415493e+00	0.000000e+00	0.000000e+00	0.000000e+00
3.415493e+00	3.451622e+00	0.000000e+00	0.000000e+00	0.000000e+00
3.451622e+00	3.487751e+00	0.000000e+00	0.000000e+00	0.000000e+00
3.487751e+00	3.523880e+00	0.000000e+00	0.000000e+00	0.000000e+00
3.523880e+00	3.560009e+00	0.000000e+00	0.000000e+00	0.000000e+00
3.560009e+00	3.596139e+00	0.000000e+00	0.000000e+00	0.000000e+00
3.596139e+00	3.632268e+00	0.000000e+00	0.000000e+00	0.000000e+00
3.632268e+00	3.668397e+00	0.000000e+00	0.000000e+00	0.000000e+00
3.668397e+00	3.704526e+00	0.000000e+00	0.000000e+00	0.000000e+00
3.704526e+00	3.740655e+00	0.000000e+00	0.000000e+00	0.000000e+00
3.740655e+00	3.776784e+00	0.000000e+00	0.000000e+00	0.000000e+00
3.776784e+00	3.812913e+00	0.000000e+00	0.000000e+00	0.000000e+00
# END HISTO1D


# BEGIN HISTO1D //data9/Users/choij/cms-mg4gpu-integration/genValidation/DY01234j_13TeV_MG356/merged.yoda.gz/MC_ZKTSPLITTINGS:ENERGY=13000/log10_d_23
ErrorBars=1
LineColor=blue
LineStyle=solid
Path=//data9/Users/choij/cms-mg4gpu-integration/genValidation/DY01234j_13TeV_MG356/merged.yoda.gz/MC_ZKTSPLITTINGS:ENERGY=13000/log10_d_23
ScaledBy=1.00000391479478877e-06
Title=MG356_13TeV
# xlow	 xhigh	 val	 errminus	 errplus
2.000000e-01	2.361291e-01	1.425598e+02	6.997989e+00	6.997989e+00
2.361291e-01	2.722583e-01	1.861896e+02	7.997533e+00	7.997533e+00
2.722583e-01	3.083874e-01	1.834391e+02	7.938193e+00	7.938193e+00
3.083874e-01	3.445165e-01	2.311704e+02	8.910970e+00	8.910970e+00
3.445165e-01	3.806457e-01	2.483443e+02	9.236031e+00	9.236031e+00
3.806457e-01	4.167748e-01	2.847740e+02	9.890620e+00	9.890620e+00
4.167748e-01	4.529039e-01	3.266898e+02	1.059364e+01	1.059364e+01
4.529039e-01	4.890331e-01	3.517595e+02	1.099249e+01	1.099249e+01
4.890331e-01	5.251622e-01	4.019109e+02	1.174998e+01	1.174998e+01
5.251622e-01	5.612913e-01	5.280132e+02	1.346815e+01	1.346815e+01
5.612913e-01	5.974205e-01	5.743573e+02	1.404637e+01	1.404637e+01
5.974205e-01	6.335496e-01	6.069783e+02	1.443960e+01	1.443960e+01
6.335496e-01	6.696787e-01	7.175855e+02	1.570018e+01	1.570018e+01
6.696787e-01	7.058079e-01	8.282204e+02	1.686738e+01	1.686738e+01
7.058079e-01	7.419370e-01	9.137274e+02	1.771643e+01	1.771643e+01
7.419370e-01	7.780661e-01	1.046687e+03	1.896186e+01	1.896186e+01
7.780661e-01	8.141953e-01	1.155923e+03	1.992676e+01	1.992676e+01
8.141953e-01	8.503244e-01	1.279214e+03	2.096229e+01	2.096229e+01
8.503244e-01	8.864535e-01	1.491851e+03	2.263761e+01	2.263761e+01
8.864535e-01	9.225827e-01	1.554438e+03	2.310811e+01	2.310811e+01
9.225827e-01	9.587118e-01	1.635809e+03	2.370490e+01	2.370490e+01
9.587118e-01	9.948409e-01	1.652544e+03	2.382514e+01	2.382514e+01
9.948409e-01	1.030970e+00	1.584976e+03	2.333373e+01	2.333373e+01
1.030970e+00	1.067099e+00	1.443103e+03	2.226492e+01	2.226492e+01
1.067099e+00	1.103228e+00	1.270637e+03	2.089198e+01	2.089198e+01
1.103228e+00	1.139357e+00	1.085836e+03	1.931310e+01	1.931310e+01
1.139357e+00	1.175487e+00	8.525862e+02	1.711345e+01	1.711345e+01
1.175487e+00	1.211616e+00	6.616178e+02	1.507576e+01	1.507576e+01
1.211616e+00	1.247745e+00	4.857270e+02	1.291718e+01	1.291718e+01
1.247745e+00	1.283874e+00	3.524349e+02	1.100286e+01	1.100286e+01
1.283874e+00	1.320003e+00	2.548831e+02	9.357056e+00	9.357056e+00
1.320003e+00	1.356132e+00	2.016378e+02	8.322486e+00	8.322486e+00
1.356132e+00	1.392261e+00	1.473707e+02	7.115126e+00	7.115126e+00
1.392261e+00	1.428391e+00	1.136832e+02	6.248599e+00	6.248599e+00
1.428391e+00	1.464520e+00	1.020233e+02	5.919995e+00	5.919995e+00
1.464520e+00	1.500649e+00	6.561161e+01	4.747493e+00	4.747493e+00
1.500649e+00	1.536778e+00	6.080478e+01	4.570369e+00	4.570369e+00
1.536778e+00	1.572907e+00	4.259603e+01	3.825238e+00	3.825238e+00
1.572907e+00	1.609036e+00	3.606599e+01	3.519683e+00	3.519683e+00
1.609036e+00	1.645165e+00	3.332304e+01	3.383444e+00	3.383444e+00
1.645165e+00	1.681294e+00	1.820691e+01	2.500912e+00	2.500912e+00
1.681294e+00	1.717424e+00	2.645080e+01	3.014350e+00	3.014350e+00
1.717424e+00	1.753553e+00	1.511197e+01	2.278216e+00	2.278216e+00
1.753553e+00	1.789682e+00	1.236632e+01	2.061054e+00	2.061054e+00
1.789682e+00	1.825811e+00	1.408349e+01	2.199472e+00	2.199472e+00
1.825811e+00	1.861940e+00	6.184652e+00	1.457737e+00	1.457737e+00
1.861940e+00	1.898069e+00	7.214227e+00	1.574274e+00	1.574274e+00
1.898069e+00	1.934198e+00	5.151778e+00	1.330184e+00	1.330184e+00
1.934198e+00	1.970328e+00	6.524686e+00	1.496866e+00	1.496866e+00
1.970328e+00	2.006457e+00	3.092065e+00	1.030689e+00	1.030689e+00
2.006457e+00	2.042586e+00	2.061460e+00	8.415878e-01	8.415878e-01
2.042586e+00	2.078715e+00	1.374419e+00	6.872102e-01	6.872102e-01
2.078715e+00	2.114844e+00	1.373835e+00	6.869181e-01	6.869181e-01
2.114844e+00	2.150973e+00	6.869994e-01	4.857824e-01	4.857824e-01
2.150973e+00	2.187102e+00	1.030965e+00	5.952281e-01	5.952281e-01
2.187102e+00	2.223231e+00	6.870326e-01	4.858053e-01	4.858053e-01
2.223231e+00	2.259361e+00	6.869554e-01	4.857508e-01	4.857508e-01
2.259361e+00	2.295490e+00	0.000000e+00	0.000000e+00	0.000000e+00
2.295490e+00	2.331619e+00	3.436339e-01	3.436339e-01	3.436339e-01
2.331619e+00	2.367748e+00	0.000000e+00	0.000000e+00	0.000000e+00
2.367748e+00	2.403877e+00	0.000000e+00	0.000000e+00	0.000000e+00
2.403877e+00	2.440006e+00	3.436339e-01	3.436339e-01	3.436339e-01
2.440006e+00	2.476135e+00	0.000000e+00	0.000000e+00	0.000000e+00
2.476135e+00	2.512265e+00	0.000000e+00	0.000000e+00	0.000000e+00
2.512265e+00	2.548394e+00	0.000000e+00	0.000000e+00	0.000000e+00
2.548394e+00	2.584523e+00	0.000000e+00	0.000000e+00	0.000000e+00
2.584523e+00	2.620652e+00	0.000000e+00	0.000000e+00	0.000000e+00
2.620652e+00	2.656781e+00	0.000000e+00	0.000000e+00	0.000000e+00
2.656781e+00	2.692910e+00	0.000000e+00	0.000000e+00	0.000000e+00
2.692910e+00	2.729039e+00	0.000000e+00	0.000000e+00	0.000000e+00
2.729039e+00	2.765168e+00	0.000000e+00	0.000000e+00	0.000000e+00
2.765168e+00	2.801298e+00	0.000000e+00	0.000000e+00	0.000000e+00
2.801298e+00	2.837427e+00	0.000000e+00	0.000000e+00	0.000000e+00
2.837427e+00	2.873556e+00	0.000000e+00	0.000000e+00	0.000000e+00
2.873556e+00	2.909685e+00	0.000000e+00	0.000000e+00	0.000000e+00
2.909685e+00	2.945814e+00	0.000000e+00	0.000000e+00	0.000000e+00
2.945814e+00	2.981943e+00	0.000000e+00	0.000000e+00	0.000000e+00
2.981943e+00	3.018072e+00	0.000000e+00	0.000000e+00	0.000000e+00
3.018072e+00	3.054202e+00	0.000000e+00	0.000000e+00	0.000000e+00
3.054202e+00	3.090331e+00	0.000000e+00	0.000000e+00	0.000000e+00
3.090331e+00	3.126460e+00	0.000000e+00	0.000000e+00	0.000000e+00
3.126460e+00	3.162589e+00	0.000000e+00	0.000000e+00	0.000000e+00
3.162589e+00	3.198718e+00	0.000000e+00	0.000000e+00	0.000000e+00
3.198718e+00	3.234847e+00	0.000000e+00	0.000000e+00	0.000000e+00
3.234847e+00	3.270976e+00	0.000000e+00	0.000000e+00	0.000000e+00
3.270976e+00	3.307105e+00	0.000000e+00	0.000000e+00	0.000000e+00
3.307105e+00	3.343235e+00	0.000000e+00	0.000000e+00	0.000000e+00
3.343235e+00	3.379364e+00	0.000000e+00	0.000000e+00	0.000000e+00
3.379364e+00	3.415493e+00	0.000000e+00	0.000000e+00	0.000000e+00
3.415493e+00	3.451622e+00	0.000000e+00	0.000000e+00	0.000000e+00
3.451622e+00	3.487751e+00	0.000000e+00	0.000000e+00	0.000000e+00
3.487751e+00	3.523880e+00	0.000000e+00	0.000000e+00	0.000000e+00
3.523880e+00	3.560009e+00	0.000000e+00	0.000000e+00	0.000000e+00
3.560009e+00	3.596139e+00	0.000000e+00	0.000000e+00	0.000000e+00
3.596139e+00	3.632268e+00	0.000000e+00	0.000000e+00	0.000000e+00
3.632268e+00	3.668397e+00	0.000000e+00	0.000000e+00	0.000000e+00
3.668397e+00	3.704526e+00	0.000000e+00	0.000000e+00	0.000000e+00
3.704526e+00	3.740655e+00	0.000000e+00	0.000000e+00	0.000000e+00
3.740655e+00	3.776784e+00	0.000000e+00	0.000000e+00	0.000000e+00
3.776784e+00	3.812913e+00	0.000000e+00	0.000000e+00	0.000000e+00
# END HISTO1D


# BEGIN HISTO1D //data9/Users/choij/cms-mg4gpu-integration/genValidation/DY01234j_13p6TeV_MG356_noPrimodialKT/merged.yoda.gz/MC_ZKTSPLITTINGS:ENERGY=13000/log10_d_23
ErrorBars=1
LineColor=green
LineStyle=solid
Path=//data9/Users/choij/cms-mg4gpu-integration/genValidation/DY01234j_13p6TeV_MG356_noPrimodialKT/merged.yoda.gz/MC_ZKTSPLITTINGS:ENERGY=13000/log10_d_23
ScaledBy=1.00001010505697575e-06
Title=MG356_13p6TeV
# xlow	 xhigh	 val	 errminus	 errplus
2.000000e-01	2.363251e-01	1.452486e+02	7.262434e+00	7.262434e+00
2.363251e-01	2.726502e-01	1.761159e+02	7.997014e+00	7.997014e+00
2.726502e-01	3.089753e-01	2.077074e+02	8.684688e+00	8.684688e+00
3.089753e-01	3.453004e-01	2.207616e+02	8.953074e+00	8.953074e+00
3.453004e-01	3.816254e-01	2.542055e+02	9.608071e+00	9.608071e+00
3.816254e-01	4.179505e-01	3.064732e+02	1.054925e+01	1.054925e+01
4.179505e-01	4.542756e-01	3.373257e+02	1.106731e+01	1.106731e+01
4.542756e-01	4.906007e-01	4.019595e+02	1.208116e+01	1.208116e+01
4.906007e-01	5.269258e-01	4.408315e+02	1.265213e+01	1.265213e+01
5.269258e-01	5.632509e-01	5.061525e+02	1.355658e+01	1.355658e+01
5.632509e-01	5.995760e-01	5.508304e+02	1.414248e+01	1.414248e+01
5.995760e-01	6.359011e-01	6.648444e+02	1.553732e+01	1.553732e+01
6.359011e-01	6.722262e-01	7.051642e+02	1.600170e+01	1.600170e+01
6.722262e-01	7.085512e-01	8.387840e+02	1.745197e+01	1.745197e+01
7.085512e-01	7.448763e-01	9.396761e+02	1.847125e+01	1.847125e+01
7.448763e-01	7.812014e-01	1.034836e+03	1.938427e+01	1.938427e+01
7.812014e-01	8.175265e-01	1.197902e+03	2.085597e+01	2.085597e+01
8.175265e-01	8.538516e-01	1.330119e+03	2.197719e+01	2.197719e+01
8.538516e-01	8.901767e-01	1.490899e+03	2.326693e+01	2.326693e+01
8.901767e-01	9.265018e-01	1.633293e+03	2.435312e+01	2.435312e+01
9.265018e-01	9.628269e-01	1.668532e+03	2.461456e+01	2.461456e+01
9.628269e-01	9.991520e-01	1.709518e+03	2.491470e+01	2.491470e+01
9.991520e-01	1.035477e+00	1.657949e+03	2.453599e+01	2.453599e+01
1.035477e+00	1.071802e+00	1.578765e+03	2.394269e+01	2.394269e+01
1.071802e+00	1.108127e+00	1.322808e+03	2.191632e+01	2.191632e+01
1.108127e+00	1.144452e+00	1.098422e+03	1.997132e+01	1.997132e+01
1.144452e+00	1.180777e+00	8.819749e+02	1.789545e+01	1.789545e+01
1.180777e+00	1.217102e+00	6.909974e+02	1.584008e+01	1.584008e+01
1.217102e+00	1.253428e+00	5.181212e+02	1.371575e+01	1.371575e+01
1.253428e+00	1.289753e+00	4.012267e+02	1.207005e+01	1.207005e+01
1.289753e+00	1.326078e+00	2.879226e+02	1.022444e+01	1.022444e+01
1.326078e+00	1.362403e+00	2.051446e+02	8.630505e+00	8.630505e+00
1.362403e+00	1.398728e+00	1.615847e+02	7.659856e+00	7.659856e+00
1.398728e+00	1.435053e+00	1.147392e+02	6.454588e+00	6.454588e+00
1.435053e+00	1.471378e+00	8.967705e+01	5.706017e+00	5.706017e+00
1.471378e+00	1.507703e+00	7.262015e+01	5.135024e+00	5.135024e+00
1.507703e+00	1.544028e+00	6.172385e+01	4.734006e+00	4.734006e+00
1.544028e+00	1.580353e+00	5.264509e+01	4.371940e+00	4.371940e+00
1.580353e+00	1.616678e+00	4.103006e+01	3.859786e+00	3.859786e+00
1.616678e+00	1.653004e+00	2.940583e+01	3.267318e+00	3.267318e+00
1.653004e+00	1.689329e+00	2.723084e+01	3.144349e+00	3.144349e+00
1.689329e+00	1.725654e+00	2.215593e+01	2.836778e+00	2.836778e+00
1.725654e+00	1.761979e+00	1.706852e+01	2.489702e+00	2.489702e+00
1.761979e+00	1.798304e+00	1.270691e+01	2.147860e+00	2.147860e+00
1.798304e+00	1.834629e+00	1.161763e+01	2.053728e+00	2.053728e+00
1.834629e+00	1.870954e+00	9.804052e+00	1.886792e+00	1.886792e+00
1.870954e+00	1.907279e+00	6.539265e+00	1.541320e+00	1.541320e+00
1.907279e+00	1.943604e+00	8.352132e+00	1.741541e+00	1.741541e+00
1.943604e+00	1.979929e+00	5.446087e+00	1.406175e+00	1.406175e+00
1.979929e+00	2.016254e+00	4.720523e+00	1.309239e+00	1.309239e+00
2.016254e+00	2.052580e+00	2.179048e+00	8.895929e-01	8.895929e-01
2.052580e+00	2.088905e+00	3.270032e+00	1.090011e+00	1.090011e+00
2.088905e+00	2.125230e+00	1.451692e+00	7.258469e-01	7.258469e-01
2.125230e+00	2.161555e+00	1.814425e+00	8.114359e-01	8.114359e-01
2.161555e+00	2.197880e+00	3.630290e-01	3.630291e-01	3.630291e-01
2.197880e+00	2.234205e+00	3.623243e-01	3.623244e-01	3.623244e-01
2.234205e+00	2.270530e+00	3.630538e-01	3.630539e-01	3.630539e-01
2.270530e+00	2.306855e+00	0.000000e+00	0.000000e+00	0.000000e+00
2.306855e+00	2.343180e+00	3.630813e-01	3.630814e-01	3.630814e-01
2.343180e+00	2.379505e+00	7.264603e-01	5.136850e-01	5.136850e-01
2.379505e+00	2.415830e+00	3.630813e-01	3.630814e-01	3.630814e-01
2.415830e+00	2.452156e+00	0.000000e+00	0.000000e+00	0.000000e+00
2.452156e+00	2.488481e+00	0.000000e+00	0.000000e+00	0.000000e+00
2.488481e+00	2.524806e+00	0.000000e+00	0.000000e+00	0.000000e+00
2.524806e+00	2.561131e+00	0.000000e+00	0.000000e+00	0.000000e+00
2.561131e+00	2.597456e+00	0.000000e+00	0.000000e+00	0.000000e+00
2.597456e+00	2.633781e+00	0.000000e+00	0.000000e+00	0.000000e+00
2.633781e+00	2.670106e+00	0.000000e+00	0.000000e+00	0.000000e+00
2.670106e+00	2.706431e+00	0.000000e+00	0.000000e+00	0.000000e+00
2.706431e+00	2.742756e+00	0.000000e+00	0.000000e+00	0.000000e+00
2.742756e+00	2.779081e+00	0.000000e+00	0.000000e+00	0.000000e+00
2.779081e+00	2.815406e+00	0.000000e+00	0.000000e+00	0.000000e+00
2.815406e+00	2.851732e+00	0.000000e+00	0.000000e+00	0.000000e+00
2.851732e+00	2.888057e+00	0.000000e+00	0.000000e+00	0.000000e+00
2.888057e+00	2.924382e+00	0.000000e+00	0.000000e+00	0.000000e+00
2.924382e+00	2.960707e+00	0.000000e+00	0.000000e+00	0.000000e+00
2.960707e+00	2.997032e+00	0.000000e+00	0.000000e+00	0.000000e+00
2.997032e+00	3.033357e+00	0.000000e+00	0.000000e+00	0.000000e+00
3.033357e+00	3.069682e+00	0.000000e+00	0.000000e+00	0.000000e+00
3.069682e+00	3.106007e+00	0.000000e+00	0.000000e+00	0.000000e+00
3.106007e+00	3.142332e+00	0.000000e+00	0.000000e+00	0.000000e+00
3.142332e+00	3.178657e+00	0.000000e+00	0.000000e+00	0.000000e+00
3.178657e+00	3.214982e+00	0.000000e+00	0.000000e+00	0.000000e+00
3.214982e+00	3.251307e+00	0.000000e+00	0.000000e+00	0.000000e+00
3.251307e+00	3.287633e+00	0.000000e+00	0.000000e+00	0.000000e+00
3.287633e+00	3.323958e+00	0.000000e+00	0.000000e+00	0.000000e+00
3.323958e+00	3.360283e+00	0.000000e+00	0.000000e+00	0.000000e+00
3.360283e+00	3.396608e+00	0.000000e+00	0.000000e+00	0.000000e+00
3.396608e+00	3.432933e+00	0.000000e+00	0.000000e+00	0.000000e+00
3.432933e+00	3.469258e+00	0.000000e+00	0.000000e+00	0.000000e+00
3.469258e+00	3.505583e+00	0.000000e+00	0.000000e+00	0.000000e+00
3.505583e+00	3.541908e+00	0.000000e+00	0.000000e+00	0.000000e+00
3.541908e+00	3.578233e+00	0.000000e+00	0.000000e+00	0.000000e+00
3.578233e+00	3.614558e+00	0.000000e+00	0.000000e+00	0.000000e+00
3.614558e+00	3.650883e+00	0.000000e+00	0.000000e+00	0.000000e+00
3.650883e+00	3.687209e+00	0.000000e+00	0.000000e+00	0.000000e+00
3.687209e+00	3.723534e+00	0.000000e+00	0.000000e+00	0.000000e+00
3.723534e+00	3.759859e+00	0.000000e+00	0.000000e+00	0.000000e+00
3.759859e+00	3.796184e+00	0.000000e+00	0.000000e+00	0.000000e+00
3.796184e+00	3.832509e+00	0.000000e+00	0.000000e+00	0.000000e+00
# END HISTO1D


# BEGIN HISTO1D //data9/Users/choij/cms-mg4gpu-integration/genValidation/DY01234j_13p6TeV_MG356/merged.yoda.gz/MC_ZKTSPLITTINGS:ENERGY=13000/log10_d_23
ErrorBars=1
LineColor=orange
LineStyle=solid
Path=//data9/Users/choij/cms-mg4gpu-integration/genValidation/DY01234j_13p6TeV_MG356/merged.yoda.gz/MC_ZKTSPLITTINGS:ENERGY=13000/log10_d_23
ScaledBy=1.00002898559791416e-06
Title=MG356_13p6TeV_primordialKT
# xlow	 xhigh	 val	 errminus	 errplus
2.000000e-01	2.363251e-01	1.562153e+02	7.533374e+00	7.533374e+00
2.363251e-01	2.726502e-01	1.682151e+02	7.817625e+00	7.817625e+00
2.726502e-01	3.089753e-01	1.867356e+02	8.236561e+00	8.236561e+00
3.089753e-01	3.453004e-01	1.983515e+02	8.488664e+00	8.488664e+00
3.453004e-01	3.816254e-01	2.383200e+02	9.304838e+00	9.304838e+00
3.816254e-01	4.179505e-01	2.760967e+02	1.001509e+01	1.001509e+01
4.179505e-01	4.542756e-01	3.128011e+02	1.066024e+01	1.066024e+01
4.542756e-01	4.906007e-01	3.607484e+02	1.144800e+01	1.144800e+01
4.906007e-01	5.269258e-01	4.276156e+02	1.246423e+01	1.246423e+01
5.269258e-01	5.632509e-01	4.860868e+02	1.328881e+01	1.328881e+01
5.632509e-01	5.995760e-01	5.293186e+02	1.386716e+01	1.386716e+01
5.995760e-01	6.359011e-01	6.034403e+02	1.480641e+01	1.480641e+01
6.359011e-01	6.722262e-01	7.215165e+02	1.619037e+01	1.619037e+01
6.722262e-01	7.085512e-01	7.600361e+02	1.661703e+01	1.661703e+01
7.085512e-01	7.448763e-01	9.089588e+02	1.817192e+01	1.817192e+01
7.448763e-01	7.812014e-01	9.863700e+02	1.893020e+01	1.893020e+01
7.812014e-01	8.175265e-01	1.163239e+03	2.055695e+01	2.055695e+01
8.175265e-01	8.538516e-01	1.306798e+03	2.178906e+01	2.178906e+01
8.538516e-01	8.901767e-01	1.449556e+03	2.294820e+01	2.294820e+01
8.901767e-01	9.265018e-01	1.591979e+03	2.404924e+01	2.404924e+01
9.265018e-01	9.628269e-01	1.662801e+03	2.457820e+01	2.457820e+01
9.628269e-01	9.991520e-01	1.720535e+03	2.500103e+01	2.500103e+01
9.991520e-01	1.035477e+00	1.760171e+03	2.528764e+01	2.528764e+01
1.035477e+00	1.071802e+00	1.605432e+03	2.415072e+01	2.415072e+01
1.071802e+00	1.108127e+00	1.416881e+03	2.268826e+01	2.268826e+01
1.108127e+00	1.144452e+00	1.237789e+03	2.120611e+01	2.120611e+01
1.144452e+00	1.180777e+00	1.000861e+03	1.906836e+01	1.906836e+01
1.180777e+00	1.217102e+00	7.349376e+02	1.634003e+01	1.634003e+01
1.217102e+00	1.253428e+00	5.623708e+02	1.429347e+01	1.429347e+01
1.253428e+00	1.289753e+00	4.105107e+02	1.221196e+01	1.221196e+01
1.289753e+00	1.326078e+00	3.004730e+02	1.044847e+01	1.044847e+01
1.326078e+00	1.362403e+00	2.296069e+02	9.133274e+00	9.133274e+00
1.362403e+00	1.398728e+00	1.747364e+02	7.967297e+00	7.967297e+00
1.398728e+00	1.435053e+00	1.209656e+02	6.628877e+00	6.628877e+00
1.435053e+00	1.471378e+00	8.755480e+01	5.639903e+00	5.639903e+00
1.471378e+00	1.507703e+00	7.483606e+01	5.214079e+00	5.214079e+00
1.507703e+00	1.544028e+00	6.720708e+01	4.941164e+00	4.941164e+00
1.544028e+00	1.580353e+00	4.940476e+01	4.236426e+00	4.236426e+00
1.580353e+00	1.616678e+00	3.814874e+01	3.722937e+00	3.722937e+00
1.616678e+00	1.653004e+00	3.305638e+01	3.465251e+00	3.465251e+00
1.653004e+00	1.689329e+00	2.434257e+01	2.973918e+00	2.973918e+00
1.689329e+00	1.725654e+00	2.034316e+01	2.718471e+00	2.718471e+00
1.725654e+00	1.761979e+00	1.598439e+01	2.409740e+00	2.409740e+00
1.761979e+00	1.798304e+00	1.417308e+01	2.269510e+00	2.269510e+00
1.798304e+00	1.834629e+00	8.356264e+00	1.742402e+00	1.742402e+00
1.834629e+00	1.870954e+00	7.991265e+00	1.703744e+00	1.703744e+00
1.870954e+00	1.907279e+00	3.995631e+00	1.204729e+00	1.204729e+00
1.907279e+00	1.943604e+00	5.811053e+00	1.452764e+00	1.452764e+00
1.943604e+00	1.979929e+00	2.544440e+00	9.617086e-01	9.617086e-01
1.979929e+00	2.016254e+00	2.908537e+00	1.028323e+00	1.028323e+00
2.016254e+00	2.052580e+00	3.267918e+00	1.089307e+00	1.089307e+00
2.052580e+00	2.088905e+00	2.905613e+00	1.027290e+00	1.027290e+00
2.088905e+00	2.125230e+00	2.904851e+00	1.027020e+00	1.027020e+00
2.125230e+00	2.161555e+00	1.090303e+00	6.294870e-01	6.294870e-01
2.161555e+00	2.197880e+00	1.454856e+00	7.274290e-01	7.274290e-01
2.197880e+00	2.234205e+00	3.640738e-01	3.640738e-01	3.640738e-01
2.234205e+00	2.270530e+00	3.634654e-01	3.634654e-01	3.634654e-01
2.270530e+00	2.306855e+00	1.451874e+00	7.259374e-01	7.259374e-01
2.306855e+00	2.343180e+00	3.631928e-01	3.631929e-01	3.631929e-01
2.343180e+00	2.379505e+00	3.627882e-01	3.627882e-01	3.627882e-01
2.379505e+00	2.415830e+00	3.630524e-01	3.630526e-01	3.630526e-01
2.415830e+00	2.452156e+00	0.000000e+00	0.000000e+00	0.000000e+00
2.452156e+00	2.488481e+00	0.000000e+00	0.000000e+00	0.000000e+00
2.488481e+00	2.524806e+00	0.000000e+00	0.000000e+00	0.000000e+00
2.524806e+00	2.561131e+00	0.000000e+00	0.000000e+00	0.000000e+00
2.561131e+00	2.597456e+00	0.000000e+00	0.000000e+00	0.000000e+00
2.597456e+00	2.633781e+00	0.000000e+00	0.000000e+00	0.000000e+00
2.633781e+00	2.670106e+00	0.000000e+00	0.000000e+00	0.000000e+00
2.670106e+00	2.706431e+00	0.000000e+00	0.000000e+00	0.000000e+00
2.706431e+00	2.742756e+00	0.000000e+00	0.000000e+00	0.000000e+00
2.742756e+00	2.779081e+00	0.000000e+00	0.000000e+00	0.000000e+00
2.779081e+00	2.815406e+00	0.000000e+00	0.000000e+00	0.000000e+00
2.815406e+00	2.851732e+00	0.000000e+00	0.000000e+00	0.000000e+00
2.851732e+00	2.888057e+00	0.000000e+00	0.000000e+00	0.000000e+00
2.888057e+00	2.924382e+00	0.000000e+00	0.000000e+00	0.000000e+00
2.924382e+00	2.960707e+00	0.000000e+00	0.000000e+00	0.000000e+00
2.960707e+00	2.997032e+00	0.000000e+00	0.000000e+00	0.000000e+00
2.997032e+00	3.033357e+00	0.000000e+00	0.000000e+00	0.000000e+00
3.033357e+00	3.069682e+00	0.000000e+00	0.000000e+00	0.000000e+00
3.069682e+00	3.106007e+00	0.000000e+00	0.000000e+00	0.000000e+00
3.106007e+00	3.142332e+00	0.000000e+00	0.000000e+00	0.000000e+00
3.142332e+00	3.178657e+00	0.000000e+00	0.000000e+00	0.000000e+00
3.178657e+00	3.214982e+00	0.000000e+00	0.000000e+00	0.000000e+00
3.214982e+00	3.251307e+00	0.000000e+00	0.000000e+00	0.000000e+00
3.251307e+00	3.287633e+00	0.000000e+00	0.000000e+00	0.000000e+00
3.287633e+00	3.323958e+00	0.000000e+00	0.000000e+00	0.000000e+00
3.323958e+00	3.360283e+00	0.000000e+00	0.000000e+00	0.000000e+00
3.360283e+00	3.396608e+00	0.000000e+00	0.000000e+00	0.000000e+00
3.396608e+00	3.432933e+00	0.000000e+00	0.000000e+00	0.000000e+00
3.432933e+00	3.469258e+00	0.000000e+00	0.000000e+00	0.000000e+00
3.469258e+00	3.505583e+00	0.000000e+00	0.000000e+00	0.000000e+00
3.505583e+00	3.541908e+00	0.000000e+00	0.000000e+00	0.000000e+00
3.541908e+00	3.578233e+00	0.000000e+00	0.000000e+00	0.000000e+00
3.578233e+00	3.614558e+00	0.000000e+00	0.000000e+00	0.000000e+00
3.614558e+00	3.650883e+00	0.000000e+00	0.000000e+00	0.000000e+00
3.650883e+00	3.687209e+00	0.000000e+00	0.000000e+00	0.000000e+00
3.687209e+00	3.723534e+00	0.000000e+00	0.000000e+00	0.000000e+00
3.723534e+00	3.759859e+00	0.000000e+00	0.000000e+00	0.000000e+00
3.759859e+00	3.796184e+00	0.000000e+00	0.000000e+00	0.000000e+00
3.796184e+00	3.832509e+00	0.000000e+00	0.000000e+00	0.000000e+00
# END HISTO1D

