# BEGIN PLOT
Legend=1
LogY=1
Title=Rapidity of first jet
XLabel=$y(\mathrm{jet~1})$
YLabel=$\mathrm{d}\sigma/\mathrm{d}y(\mathrm{jet~1})$ [pb]
DrawOnly=//eos/home-c/choij/cms-mg4gpu-integration/genValidation/DY01234j_UPSTREAM/merged.yoda.gz/MC_ZJETS:ENERGY=13600/jet_y_1 //eos/home-c/choij/cms-mg4gpu-integration/genValidation/DY01234j_CPP512Z/merged.yoda.gz/MC_ZJETS:ENERGY=13600/jet_y_1 //eos/home-c/choij/cms-mg4gpu-integration/genValidation/DY01234j_CUDA/merged.yoda.gz/MC_ZJETS:ENERGY=13600/jet_y_1
LegendOnly=//eos/home-c/choij/cms-mg4gpu-integration/genValidation/DY01234j_UPSTREAM/merged.yoda.gz/MC_ZJETS:ENERGY=13600/jet_y_1 //eos/home-c/choij/cms-mg4gpu-integration/genValidation/DY01234j_CPP512Z/merged.yoda.gz/MC_ZJETS:ENERGY=13600/jet_y_1 //eos/home-c/choij/cms-mg4gpu-integration/genValidation/DY01234j_CUDA/merged.yoda.gz/MC_ZJETS:ENERGY=13600/jet_y_1
RatioPlot=1
RatioPlotReference=//eos/home-c/choij/cms-mg4gpu-integration/genValidation/DY01234j_UPSTREAM/merged.yoda.gz/MC_ZJETS:ENERGY=13600/jet_y_1
RatioPlotYLabel=Ratio
# END PLOT

# BEGIN HISTO1D //eos/home-c/choij/cms-mg4gpu-integration/genValidation/DY01234j_UPSTREAM/merged.yoda.gz/MC_ZJETS:ENERGY=13600/jet_y_1
ErrorBars=1
LineColor=red
LineStyle=solid
Path=//eos/home-c/choij/cms-mg4gpu-integration/genValidation/DY01234j_UPSTREAM/merged.yoda.gz/MC_ZJETS:ENERGY=13600/jet_y_1
ScaledBy=1.00001996714958461e-06
Title=MG362
# xlow	 xhigh	 val	 errminus	 errplus
-5.000000e+00	-4.800000e+00	6.574200e-01	2.078945e-01	2.078945e-01
-4.800000e+00	-4.600000e+00	1.051660e+00	2.629150e-01	2.629150e-01
-4.600000e+00	-4.400000e+00	1.511886e+00	3.152501e-01	3.152501e-01
-4.400000e+00	-4.200000e+00	2.563960e+00	4.105623e-01	4.105623e-01
-4.200000e+00	-4.000000e+00	4.141190e+00	5.217411e-01	5.217411e-01
-4.000000e+00	-3.800000e+00	5.390445e+00	5.952754e-01	5.952754e-01
-3.800000e+00	-3.600000e+00	8.282815e+00	7.378919e-01	7.378919e-01
-3.600000e+00	-3.400000e+00	9.465980e+00	7.888319e-01	7.888319e-01
-3.400000e+00	-3.200000e+00	1.295017e+01	9.226614e-01	9.226614e-01
-3.200000e+00	-3.000000e+00	1.321316e+01	9.319847e-01	9.319847e-01
-3.000000e+00	-2.800000e+00	1.577668e+01	1.018381e+00	1.018381e+00
-2.800000e+00	-2.600000e+00	1.761732e+01	1.076149e+00	1.076149e+00
-2.600000e+00	-2.400000e+00	2.465113e+01	1.272980e+00	1.272980e+00
-2.400000e+00	-2.200000e+00	2.471696e+01	1.274680e+00	1.274680e+00
-2.200000e+00	-2.000000e+00	2.859553e+01	1.371051e+00	1.371051e+00
-2.000000e+00	-1.800000e+00	3.253959e+01	1.462546e+00	1.462546e+00
-1.800000e+00	-1.600000e+00	3.470889e+01	1.510510e+00	1.510510e+00
-1.600000e+00	-1.400000e+00	3.898165e+01	1.600785e+00	1.600785e+00
-1.400000e+00	-1.200000e+00	4.253259e+01	1.672129e+00	1.672129e+00
-1.200000e+00	-1.000000e+00	4.253254e+01	1.672127e+00	1.672127e+00
-1.000000e+00	-8.000000e-01	4.680467e+01	1.754079e+00	1.754079e+00
-8.000000e-01	-6.000000e-01	4.240094e+01	1.669536e+00	1.669536e+00
-6.000000e-01	-4.000000e-01	4.818524e+01	1.779763e+00	1.779763e+00
-4.000000e-01	-2.000000e-01	4.483306e+01	1.716747e+00	1.716747e+00
-2.000000e-01	0.000000e+00	4.812005e+01	1.778568e+00	1.778568e+00
0.000000e+00	2.000000e-01	4.720011e+01	1.761493e+00	1.761493e+00
2.000000e-01	4.000000e-01	5.068375e+01	1.825331e+00	1.825331e+00
4.000000e-01	6.000000e-01	4.831618e+01	1.782169e+00	1.782169e+00
6.000000e-01	8.000000e-01	4.483170e+01	1.716694e+00	1.716694e+00
8.000000e-01	1.000000e+00	4.404249e+01	1.701510e+00	1.701510e+00
1.000000e+00	1.200000e+00	4.332079e+01	1.687539e+00	1.687539e+00
1.200000e+00	1.400000e+00	4.259758e+01	1.673391e+00	1.673391e+00
1.400000e+00	1.600000e+00	3.595850e+01	1.537475e+00	1.537475e+00
1.600000e+00	1.800000e+00	3.602355e+01	1.538850e+00	1.538850e+00
1.800000e+00	2.000000e+00	3.273748e+01	1.467001e+00	1.467001e+00
2.000000e+00	2.200000e+00	3.122500e+01	1.432701e+00	1.432701e+00
2.200000e+00	2.400000e+00	2.649133e+01	1.319627e+00	1.319627e+00
2.400000e+00	2.600000e+00	2.359963e+01	1.245541e+00	1.245541e+00
2.600000e+00	2.800000e+00	1.853851e+01	1.103952e+00	1.103952e+00
2.800000e+00	3.000000e+00	1.669677e+01	1.047649e+00	1.047649e+00
3.000000e+00	3.200000e+00	1.479104e+01	9.860696e-01	9.860696e-01
3.200000e+00	3.400000e+00	1.064956e+01	8.367080e-01	8.367080e-01
3.400000e+00	3.600000e+00	9.072095e+00	7.722679e-01	7.722679e-01
3.600000e+00	3.800000e+00	7.493850e+00	7.018634e-01	7.018634e-01
3.800000e+00	4.000000e+00	4.864793e+00	5.655208e-01	5.655208e-01
4.000000e+00	4.200000e+00	3.549736e+00	4.830579e-01	4.830579e-01
4.200000e+00	4.400000e+00	2.826514e+00	4.310394e-01	4.310394e-01
4.400000e+00	4.600000e+00	1.643335e+00	3.286670e-01	3.286670e-01
4.600000e+00	4.800000e+00	1.446137e+00	3.083175e-01	3.083175e-01
4.800000e+00	5.000000e+00	1.051962e+00	2.629905e-01	2.629905e-01
# END HISTO1D


# BEGIN HISTO1D //eos/home-c/choij/cms-mg4gpu-integration/genValidation/DY01234j_CPP512Z/merged.yoda.gz/MC_ZJETS:ENERGY=13600/jet_y_1
ErrorBars=1
LineColor=blue
LineStyle=solid
Path=//eos/home-c/choij/cms-mg4gpu-integration/genValidation/DY01234j_CPP512Z/merged.yoda.gz/MC_ZJETS:ENERGY=13600/jet_y_1
ScaledBy=1.00000054421021920e-06
Title=CPP-AVX512
# xlow	 xhigh	 val	 errminus	 errplus
-5.000000e+00	-4.800000e+00	1.052112e+00	2.630281e-01	2.630281e-01
-4.800000e+00	-4.600000e+00	1.183558e+00	2.789674e-01	2.789674e-01
-4.600000e+00	-4.400000e+00	2.630282e+00	4.158840e-01	4.158840e-01
-4.400000e+00	-4.200000e+00	2.301386e+00	3.890053e-01	3.890053e-01
-4.200000e+00	-4.000000e+00	4.076796e+00	5.177536e-01	5.177536e-01
-4.000000e+00	-3.800000e+00	6.180955e+00	6.375171e-01	6.375171e-01
-3.800000e+00	-3.600000e+00	6.706900e+00	6.640823e-01	6.640823e-01
-3.600000e+00	-3.400000e+00	8.745395e+00	7.583222e-01	7.583222e-01
-3.400000e+00	-3.200000e+00	1.321682e+01	9.322425e-01	9.322425e-01
-3.200000e+00	-3.000000e+00	1.387434e+01	9.551487e-01	9.551487e-01
-3.000000e+00	-2.800000e+00	1.578131e+01	1.018679e+00	1.018679e+00
-2.800000e+00	-2.600000e+00	2.044979e+01	1.159601e+00	1.159601e+00
-2.600000e+00	-2.400000e+00	2.163339e+01	1.192688e+00	1.192688e+00
-2.400000e+00	-2.200000e+00	2.577582e+01	1.301875e+00	1.301875e+00
-2.200000e+00	-2.000000e+00	3.143098e+01	1.437620e+00	1.437620e+00
-2.000000e+00	-1.800000e+00	3.340334e+01	1.482033e+00	1.482033e+00
-1.800000e+00	-1.600000e+00	3.517894e+01	1.520918e+00	1.520918e+00
-1.600000e+00	-1.400000e+00	3.787445e+01	1.578102e+00	1.578102e+00
-1.400000e+00	-1.200000e+00	3.794079e+01	1.579496e+00	1.579496e+00
-1.200000e+00	-1.000000e+00	4.274083e+01	1.676433e+00	1.676433e+00
-1.000000e+00	-8.000000e-01	4.379319e+01	1.696952e+00	1.696952e+00
-8.000000e-01	-6.000000e-01	4.576552e+01	1.734738e+00	1.734738e+00
-6.000000e-01	-4.000000e-01	4.846182e+01	1.785114e+00	1.785114e+00
-4.000000e-01	-2.000000e-01	4.734352e+01	1.764389e+00	1.764389e+00
-2.000000e-01	0.000000e+00	4.872465e+01	1.789945e+00	1.789945e+00
0.000000e+00	2.000000e-01	4.602880e+01	1.739725e+00	1.739725e+00
2.000000e-01	4.000000e-01	4.616010e+01	1.742200e+00	1.742200e+00
4.000000e-01	6.000000e-01	4.602883e+01	1.739726e+00	1.739726e+00
6.000000e-01	8.000000e-01	4.813272e+01	1.779036e+00	1.779036e+00
8.000000e-01	1.000000e+00	4.550241e+01	1.729742e+00	1.729742e+00
1.000000e+00	1.200000e+00	4.057109e+01	1.633331e+00	1.633331e+00
1.200000e+00	1.400000e+00	4.366116e+01	1.694381e+00	1.694381e+00
1.400000e+00	1.600000e+00	3.754650e+01	1.571272e+00	1.571272e+00
1.600000e+00	1.800000e+00	3.721734e+01	1.564361e+00	1.564361e+00
1.800000e+00	2.000000e+00	3.360076e+01	1.486410e+00	1.486410e+00
2.000000e+00	2.200000e+00	3.182562e+01	1.446620e+00	1.446620e+00
2.200000e+00	2.400000e+00	2.774877e+01	1.350789e+00	1.350789e+00
2.400000e+00	2.600000e+00	2.347460e+01	1.242408e+00	1.242408e+00
2.600000e+00	2.800000e+00	2.071283e+01	1.167036e+00	1.167036e+00
2.800000e+00	3.000000e+00	1.564976e+01	1.014423e+00	1.014423e+00
3.000000e+00	3.200000e+00	1.584691e+01	1.020789e+00	1.020789e+00
3.200000e+00	3.400000e+00	1.163849e+01	8.748024e-01	8.748024e-01
3.400000e+00	3.600000e+00	8.811175e+00	7.611697e-01	7.611697e-01
3.600000e+00	3.800000e+00	6.575600e+00	6.575599e-01	6.575599e-01
3.800000e+00	4.000000e+00	5.457755e+00	5.990666e-01	5.990666e-01
4.000000e+00	4.200000e+00	4.208354e+00	5.260442e-01	5.260442e-01
4.200000e+00	4.400000e+00	2.367101e+00	3.945169e-01	3.945169e-01
4.400000e+00	4.600000e+00	1.906888e+00	3.541002e-01	3.541002e-01
4.600000e+00	4.800000e+00	8.548395e-01	2.370898e-01	2.370898e-01
4.800000e+00	5.000000e+00	7.890925e-01	2.277914e-01	2.277914e-01
# END HISTO1D


# BEGIN HISTO1D //eos/home-c/choij/cms-mg4gpu-integration/genValidation/DY01234j_CUDA/merged.yoda.gz/MC_ZJETS:ENERGY=13600/jet_y_1
ErrorBars=1
LineColor=green
LineStyle=solid
Path=//eos/home-c/choij/cms-mg4gpu-integration/genValidation/DY01234j_CUDA/merged.yoda.gz/MC_ZJETS:ENERGY=13600/jet_y_1
ScaledBy=1.00004549403784461e-06
Title=CUDA
# xlow	 xhigh	 val	 errminus	 errplus
-5.000000e+00	-4.800000e+00	6.598120e-01	2.086508e-01	2.086508e-01
-4.800000e+00	-4.600000e+00	9.237410e-01	2.468802e-01	2.468802e-01
-4.600000e+00	-4.400000e+00	1.781511e+00	3.428520e-01	3.428520e-01
-4.400000e+00	-4.200000e+00	2.969148e+00	4.426145e-01	4.426145e-01
-4.200000e+00	-4.000000e+00	4.288805e+00	5.319608e-01	5.319608e-01
-4.000000e+00	-3.800000e+00	4.684691e+00	5.559705e-01	5.559705e-01
-3.800000e+00	-3.600000e+00	5.542430e+00	6.047289e-01	6.047289e-01
-3.600000e+00	-3.400000e+00	8.841495e+00	7.637889e-01	7.637889e-01
-3.400000e+00	-3.200000e+00	1.293235e+01	9.237394e-01	9.237394e-01
-3.200000e+00	-3.000000e+00	1.299837e+01	9.260958e-01	9.260958e-01
-3.000000e+00	-2.800000e+00	1.761707e+01	1.078147e+00	1.078147e+00
-2.800000e+00	-2.600000e+00	1.900265e+01	1.119742e+00	1.119742e+00
-2.600000e+00	-2.400000e+00	2.368735e+01	1.250171e+00	1.250171e+00
-2.400000e+00	-2.200000e+00	2.553482e+01	1.298008e+00	1.298008e+00
-2.200000e+00	-2.000000e+00	2.824007e+01	1.365036e+00	1.365036e+00
-2.000000e+00	-1.800000e+00	3.015354e+01	1.410523e+00	1.410523e+00
-1.800000e+00	-1.600000e+00	3.675169e+01	1.557219e+00	1.557219e+00
-1.600000e+00	-1.400000e+00	3.622382e+01	1.545995e+00	1.545995e+00
-1.400000e+00	-1.200000e+00	4.123840e+01	1.649536e+00	1.649536e+00
-1.200000e+00	-1.000000e+00	4.176629e+01	1.660061e+00	1.660061e+00
-1.000000e+00	-8.000000e-01	4.381163e+01	1.700221e+00	1.700221e+00
-8.000000e-01	-6.000000e-01	4.539521e+01	1.730676e+00	1.730676e+00
-6.000000e-01	-4.000000e-01	4.321783e+01	1.688660e+00	1.688660e+00
-4.000000e-01	-2.000000e-01	4.394362e+01	1.702781e+00	1.702781e+00
-2.000000e-01	0.000000e+00	4.902425e+01	1.798525e+00	1.798525e+00
0.000000e+00	2.000000e-01	4.678089e+01	1.756894e+00	1.756894e+00
2.000000e-01	4.000000e-01	4.678085e+01	1.756892e+00	1.756892e+00
4.000000e-01	6.000000e-01	4.631897e+01	1.748197e+00	1.748197e+00
6.000000e-01	8.000000e-01	4.592308e+01	1.740710e+00	1.740710e+00
8.000000e-01	1.000000e+00	4.618691e+01	1.745701e+00	1.745701e+00
1.000000e+00	1.200000e+00	4.400965e+01	1.704061e+00	1.704061e+00
1.200000e+00	1.400000e+00	3.899502e+01	1.604041e+00	1.604041e+00
1.400000e+00	1.600000e+00	3.734546e+01	1.569747e+00	1.569747e+00
1.600000e+00	1.800000e+00	3.371646e+01	1.491528e+00	1.491528e+00
1.800000e+00	2.000000e+00	3.081331e+01	1.425870e+00	1.425870e+00
2.000000e+00	2.200000e+00	2.903186e+01	1.384040e+00	1.384040e+00
2.200000e+00	2.400000e+00	2.606268e+01	1.311356e+00	1.311356e+00
2.400000e+00	2.600000e+00	2.223575e+01	1.211259e+00	1.211259e+00
2.600000e+00	2.800000e+00	1.959644e+01	1.137101e+00	1.137101e+00
2.800000e+00	3.000000e+00	1.840884e+01	1.102108e+00	1.102108e+00
3.000000e+00	3.200000e+00	1.444992e+01	9.764351e-01	9.764351e-01
3.200000e+00	3.400000e+00	1.187665e+01	8.852332e-01	8.852332e-01
3.400000e+00	3.600000e+00	8.445580e+00	7.464906e-01	7.464906e-01
3.600000e+00	3.800000e+00	7.125995e+00	6.856993e-01	6.856993e-01
3.800000e+00	4.000000e+00	3.694949e+00	4.937583e-01	4.937583e-01
4.000000e+00	4.200000e+00	3.760956e+00	4.981508e-01	4.981508e-01
4.200000e+00	4.400000e+00	2.837197e+00	4.326685e-01	4.326685e-01
4.400000e+00	4.600000e+00	1.583556e+00	3.232420e-01	3.232420e-01
4.600000e+00	4.800000e+00	1.055707e+00	2.639268e-01	2.639268e-01
4.800000e+00	5.000000e+00	1.121684e+00	2.720483e-01	2.720483e-01
# END HISTO1D

